981002503723190468465387910572439081138570249649218357396751024214863795807920136
351480726074015083982736405046357291715692348239140650498560172523971864167824530
357184926912765483048293750061359247534872169709600835283507604475926318106438502
981472635700960824624358901063294587072503196598617243257109468346805719819746350
371295846085167003962348150017052634294736518653481072726513489139824065548609021
374682591165349827928750346580423679790068035643597082019235768237816904856974003
679582400138749652204163789590831207487905163301674895763200514845317926912456078
029500416734001850156284397473859621692143578501672934218405063947326185305718249
896542713023167895751908204918426530245793681367051429609215048034689072182374056
279084305561392478843756129715643082638219540924875601482031756390068014156427890
786039412251874936309260587927058643835647129610392058073086295498725361562910870
721609058059083724438502961967831245203904687805267100582716493376498512194325876
596718420307246085248095167864532700752169804931074650679453218185027349423981576
918602740067054291254179863501967384746385129893421657432518076180746532670290410
256403070148759326973268045304502981521984763897136254405890632739005418682341597
080673459036154278475298136643080715728040063519736824297865341804317692360429587
698574312374162895215398764509837100803600450761425938952743681406201079187956243
134520768792683154085710239569147080371008495428095617916052873843976521257831046
136495782597832416482701359348057691025149030971386024254973168709018043813624970
502840137463571028718932564986415372354027801127389406201758649675194283840203705
743268950568149237192035604279351846006984725485027319621593478837406502004872163
719804635234675891658913204905740316173256008486139527340567189091482700867391452
587149263916523807432080019670230950009875631351694028823467195795312486164958372
503247608297568314486319025349170286701826439628093501875630942132954867964702053
362940180518362497079150623695431872247580901183279564854620709936710258721805346
153986724480107936679342581304671895715829463890435200238710009507293148941568372
692874351415260897870019426349720085706481239281090764928647513564130978137058642
546219730081375462372468195764823951009741386013956274098504627637180549405697810
607850104542761983018243057173624895806310742425978361354196278260580439089432516
546080729080492165921756048859621473170934850463578912734269501295817634600345297
010476583486053297735280146347821659590364872268790431620547318174638925850900764
692430010357218964180659327065943781431786259908521406029175043713864592046392178
370695142254173096061084035627548310183729564549001278490837651835916427716452980
480352971900418653050709842048937215095821764271645398734186529862504137509273486
346082975751300408209054613632941807514873269897526134475610392968235741123497080
304080596586149327970653148860214739243597681701836452109375864657428903400961275
004651732652830914173942065240579683765083049938260501429716358517390426386425197
671400309245193786009762145152604938497385261368019457913546872726831504584027603
040658903968423157532971846429180365856349000170562489210836594385294671604715238
635189472870324061024760308791238654352476819486951207247603905513892746960540123
354298617981467235670315940200684793839072560467053182726839401143526870598740326
710804562600037984948506371391265748486371209275948610169453827837012495524789130
913854267605973418804621935108562794752140683469380102300490521291735806546218379
805407913793512648164800520906284730572639184438751269087940351641305892359128476
315968274008471593497230160780302951031096487954817326173609805542783619869154732
089467023435812697762359841526174938047208060891036472653741289214080750978625314
463097825527834169189652347342961750978045613615083090290478036856319472734006981
793648215604925070852130094426719358389452761105380409248571930931204587567893142
703052649960741538584309712651937284248516097379028156405603821130284975827195063
624183795987465002513927486845312679360798254270054801702549108198076543456831920
946810720530429816128756439250367148461980573873145060794638251682571094310204687
198362754572849361063517829914620530085730016037901480346275198759106243821493675
241739856375846192986125347000457268750263914600001705439678521507312489812594673
468700159730491682291608734673845920519273846820169573347986215106524397950010468
568201437134768952297534006320157648081926375605483219706310894012845063843679521
697428103381975426052163870728546391940817562160302784579631248006250917214789630
192380675407915830538207194381479026675821349049650718803742961726198453910536207
853764902962813057740095680028931570015478329379026841596182730234657198187349265
482375906675291340391468752024157039560043127107629485758934261946512873213700504
581967324420835060736401059867043592954208613213590478192354706648719235375680941
429351867736048251015672094571486920248590176693127485960835710352019648187204039
346917825921583740587620109260435910039861254104079683673142508892356471415798360
347651982168297034952408176823074610591826307476309258714963825089145763630080491
326784950075291064490603872680137425712549080543862719164375208237918546908426137
634981072751200896809570341167045923285193467493762105076418239918327654302059718
310284050486357019572691843947862531065713924120945680291478305634529178750106492
690125873175839246328706195761250039859463712430971568280614957906507324540392601
634825190715369842928170036352781064091246075006093281147932658283657409569418723
125983704364517092809246153286491537751632940940750216507860321408129605612375489
809102064235746109461398025920865417614937852087421093346589071798213046152674938
672890103049375268538612749761409800825763491493128576316247985054086307987531604
068539047542000398739428156294761035070954612615283974357802469021647583486395721
814920635597643821623801749249768153386195004175230968462380517901570402708412396
104705092307291460692483751975624183230019674461078925820147536713856249546932017
451628397802137465673495128040753681360814972187209543708346259506981730904572806
726981543153076298489325107205147689894562071617893420370254916940608752062719830
436019725008273061270465389749680253683702194102394876927146508815937642364508917
793246801184035627265018493526184379937502184400397562050479238372851946809623710
150497368379681452684320719041570283523918604867204591418753906796142835030860147
183507040942681537675493018497205681361948725528716093859362174734150862010804359
072536891063104527509728043137259468940367015256801379394675182621983054085412936
009038456435716928682005137973851264860429375250367819047693082326584791598102643
748002316623470859951386724236805497410739682079264531092648073167523908384197065
169580042253041070874932016426719853987065421315804769541298637708156204692473185
470368591839215746610947382780154629256709413901623857567891034398472160120536070
457039612268040937391672458834206790179408306506793180982367541615924873743180269
150629470374851290962734185823076941519340867607198502031985624295467008486213759
562304819437981025189625743854196302693240150271053964915732486026410597048569201
260150487357482196841967305913276548720018639685349712136820904590034261470691853
859164237167823594342507061214005380593281476086439152638012705471356908920748613
803264519514897623962050784389715246056482937240936158421379860698541370035028401
523786094176942385490531672732800546941675238605324700260190857357468021819257463
153204867289716534647083209491372605572008943836940021368457192925831470714609358
805942673362587941740136852491025086570698210028403597986274135150369728237801469
061458327352190864478063519834972156619084003705316400086741932143629785297835641
631587904972143856584926017825400769016890435493675281148059603207364198369708542
180560794375804261064170358750648130823915647641320509518739426496251873230486915
615072834802163759970485612700318945398547126154620300469751083237894561501236497
060137952053824761701596084180942673670385409394601528509268137836719245217453896
004870915572194836098563472706415290213009564459326781845930627920647358637258149
