731290680694183027250670310840910275162530498005028136010052963326749851589361742
370546298840729153952108467695281034107364589483070612768003900514892076209050841
069451372700906081513780946172090463356147298948603157685214000297365814430870025
008475216451268003276190854862047100097816542140309087623051498019684325584932760
068290051459610020123458607630521084941876532280934716500782143372149865800360279
629714000473080961085369247716932485294856713308470692862107354007048100541603879
284971350950083271713502940069708012542316890108295063895130624437629105620804739
951300060826495003073261900639752008140839627080146539560923741397614852214578396
893600510451030679276915438638504721509081364047026905715069843084173250062458197
210658049506247130847109265301072694780463002462591380638724951924015870075906423
307629481204853769906714325461387592832900070579142630198470253605238917020091006
487293651130805002590176480320001567975062010861357294713509806249610735658734129
231647859607938142980152370716083294408096531590210768075461923042370085369020407
167508204325709600498201750213007945846915327579324160702493016651872009934156870
793286541215347968486190300071053284854729130360804795629578013548031072137402000
512498367784360192693201450000027643260043870437080921325614089148759230906832514
435210786978050421612847005360904150029785600504163079253671894706438012841592367
134582006600917534957064218098476123376251489241839057065103840820645371010020965
090407280548210376271803945127986534460370012853140090034621758782594163605730429
603872045247956310005401762739640820062089403458123679371294586904068130586017294
374086012215403086968502734531709268046058091829001475097804153152367849480095627
050000000006000000010000000000006000000003000000780000000000960000000870000000400
654210307831497526070653041407325968369780452285064103126539784508106030093042615
854012937176439520029807146217060380405903612693128405931086254762045890048091763
650249318123865497048731256795020800031408065486053721002594073504310689319687542
839425701710609258265107940542710389186590472970842006090371625627958130301064897
408613097651097438039580120892145763567308914304700285975802641080471359143050872
827346591549820730061795042610438957405109208978652403706210085284563079153907024
470390521605040830193508467819674203542930786736050094957213648384765912201080375
730245961194870305625300784972084153841950070356702849403527698587169430200430517
937040158840951207025738649501086492300425716462197583703214865618573020054069370
081507326569123748372046095743951682256378400900260073820615930607032851035789264
624589317578361002193042508752004830309857601861920754907406285086170493035298176
021069003679531248005827160967215384583090600412083950756942801238176495094358726
280670345003041820005283691469025703172436908538910064906058472327164589854792136
687520493452893160139476258203085714001302985800719632508964371316250849004038026
053461982460295317291000456946007205812354769075926140637812094080500623529643871
490002157713008004526417389871243965259681073634790218105836792362509040987024530
050037482894502376237406159713098245925743061486125703069274008178309004542861930
493617805158390476002584193986003741347169258215008369529041637630005084870936502
008793514543186092971542368394270150000935080857614023409867235236459870780021649
709420681231896074840015932493150867517068429682974103065041700078539246924607015
791563000826471503453892716289045067147038902635729800912386470360957128070204639
705968243304170800869403751072836910956710328183259476598047132041382500237590604
765049821943081675018756409602175948150038700407692513074523006396810204521964387
058701934903645281420389657207093546516078329090250108062830795839517462740062813
178465029629783451503921607750042936430590708896317045364178502200609174917254060
520094703193872605674153980941065830306947501007381469719428056062530178835716204
041782905000050342526390871253468090974031286008279453835927614197640528402815739
230481976908573241147692580684719305721830409593204017072108694800346752456920008
000001708410973502370628194589716243132504079647209851091365427750192386203847915
185402763206307840340860952634710090801209604729506318463985120512673489078124536
062351948043086512815290736627045893481937625309062470034608059008413267176020384
678920503135068294294531607016809700700143965459276138060482351541397026823600479
104968532635427891892100647453879120217653480960001305000316258386592714521784000
452830006967154320083029500830270961719468235025913840390781450240596713571342689
095123847143578269708009513410750398850030471370481620281367954034215786067894100
708642031315089426624153798902031604400026913136974852270405309840317265063298107
720548931090027486084396725610753248000410653453062097948605312237981564061234870
986154723704260819002789654421538976073042185598671342140096207839007501267300490
005123708170489635983567140431670289590014367267308051359041820010902574724856913
678512940025309671913674825890260510136457289542098367700926038004705106369841750
805647193497051280631089504049536807708492365560178429380014952152963748904800630
600738901748519632190062807382095170510347289974281063859174306067950418430826790
591680007024035816306172549608259431245713968039468275863500004950046182412097653
516432090703159024902867053658374910197506030004981765435618279870293546269740380
702005634359624178164783009925371086043069015671540293516802347207436050438157960
321768590040023876678950203764305082192846300835271460486009701213687945957412038
907036205681425793003179648478300960509648002326701854794503106132964587865217409
598713406217456900346080175184005267653172849729648051470921680960807514800564790
391572460082304719467019503230900187958127346716438295140085972000791630079243851
724910385980005176150738004208461030617359042035827961579682013842170650361594728
762054801904812576815063294370041682458276913600090045596437020183629057047185369
409680025368542971572319408791234006624150739005076142256003810947861253083420697
134267859956480271207100060720896543805372196369010782590638417470920605603745928
800493006629587400345162870598734612000209385200856790082971563973625148156348927
724685003563192470090437265971340026342756891856000340219573680637824159405061702
146952387070806400328147950094613578853729641617405293730508124482391005061074809
130287469007453182042910357329640710008125904514739608256394801471802590983571240
100547286702938154840162793950214637014086925076395041427659318030870402081023579
002185934385492107140700285027650318508314700031827456754238600813976542206541873
726193845051078230308245761143700628005364197967821050812536974600487512570012086
360245810180697453945183070230714965674059130501326784826931040403570698759008321
168902534045386210327451986009820375854093621070165809782609153436008792091237408
783502694021364075654978231865093140049251780010480359536029407178645903492037560
854319276073402981120708304308520607265987143790034805916245038437896512082103069
532614879040028015178593624463852790257160480819437256004080162321970540080241937
270085643146793208385642719958200136723816590014359027892007461530468070067921085
270163850354879126680024970420795361193086547765341290817002639006917082940630715
236149587951387240480020193504230609198076002623501478702903865369854721815002934
873469520601852379920307486268543917139270004457691032586704093302006705714935208
653008249827495016041302078138920754504837001279541083715083092390704865486259137
300801627608320459027649831150930278839712046702560910460293785973480162285176304
082930041943517268176820593798263150315480627004005309039651472621700935407392816
275609431398140052006530987921354876760891020853726149030478210542910708187265094
568073942130490578409528136653281704824730615701645003007952460006810359915364827
460380951318579620509641003102957346956834710734126008675018439293465107840793060
308467500721059048605182307432875169576940283189003405813504706264738901957216034
127649538956238147084150926278016300610793284439805761591304602863002415700561800
612500734745263910089140620168924503293756841574830290836002107951308462427610309