730845001259136748140290305305702904071080532920351076013574620590003487467028153
870493251005821706120756438291064875360579024754080060007038610613247580982005307
597612384362008971480307620743159260908264530600873419809420700150736800070905143
476000001530714269090035478085470190169382750002591683624900817853147920907268045
079286043302140976546730280904613020763508104200004365401062000835497612627851439
837641250410920603029583147561074928380106475794802310943715060070208094258060001
952304601831095470040020035105809243369240058420037169504780316687910520210456897
309601547864905132170320896093856420652010378480237059500060904008743065246590713
061398057250041938039527164072810345390452071105703809086105092913204506004986013
237469185009305002405821907706003829328694501591287463850932016013708204072146000
907040100608179350531268947764902581005480700810657290302816079100394825489025613
710835400098260570564910283150340720927081004843602150680120947001496835439750612
543680719098000306706934852175063004869247135432091087604178903000356478307409501
579800036368059724412637805043520671751960048286704903805300062134096580007405319
302417956470009128169580437610750249850921003920634080590073810000145692241896075
194003086578049130362871059651020347840765021720014865006102074285000613417036298
007650139395147682002983740030700851978205364041368027653479218009531070000826593
179352086005047129246091053904270060702036094683914072461700938598403207327180605
671485392589030670400976810758610230934007561206503080192308006867250943305069128
723900401090070036465108092837491625910523840540867913384705069270640358659002170
409708520568293704730040960274600389850439670390827045087054231125306097943100856
400720563672853109030946208901004386348609052056082490804135907217498030593260814
026930085431285697500407213860514002094708536250096140900042061318659024642103859
249736815100409067736001049080903000571842693094165700963057481017004532425318976
032506809967820015518793624856239040023647508049158263381402907200301006074905130
056400013180390062732618495078259034490731286213860957500186309000570641061942570
020608957807092430953047862271804093045319008389070614016983720792401380538700149
968325710532014986170690025806570103007981642219400070000169807795843260681207439
308025679216309008579468210790530864030810705860907132124080956087054301653291480
369741028750068001418235000587103004621459837904680215090876452275304080806592170
158300702927040103634020509481790325503218097279504010046951270895472631712603050
300578216605412739120306805578120904030680157406759328203940681764800592891260000
086120005921635847357894162008456903605009704240308516873042600560781039092063478
060508943938740521504391708215409306046250189897063052072904835459030610080675204
462758913070639200935102006604920701291473685357861429040597002519086007706014508
708043596403865100265017430586001904020098651941506387600354819139680745054179003
205108397018794000006325084860419053154837020073050841021983470439576018580241936
096308507243576190508901230814263709027405063635897021062100305309754602751632080
053090100987361452601050893704819030039425617500603084378146529296087341140030768
200815473381900006574306819652184037043069102198732645410003528925408061830001790
500602397030710005297435816042073568150008479768594132600351004470826953005947621
082769340003000078000853629429506813076481295815032764168347902004608137930205486
041786009609425173275109648018094726936271480427060931854610302090843000763902800
940800376365007148871043250739100024008436795654972813123584967400720031097061002
324691500087430291915807463076219834208376010139040700802703109001980352493102687
568031729409780103170052648901074082086105430754308961817503290305207814600819075
849715263271436095365280170713654908400890301508320640634978012050000786087560409
793081450064520078200749316342890561071265843856314290008476039639100780417000620
103567480025080037708321569310478906904610273567230000251096308430850791879140625
357094802009078000200536109596703201708951634401082957170069020842315796965827413
406159372590432180012680005104328609060570423230964710701893004623705891048216507
102895376073426951059701428064950017080214090391607045917348502008009704436572180
039642708705391624246857300513064900872509146694218503068073215000980407057126009
100030927790502468246897513567143802324980701010005346975260034400351600631479085
008025049569784213042169800620010435834057192015432086083071960451296070796840520
420597603976013054351468290205946071739105400064732589513609708602874005047001026
697523148850671239030849657240905783376010592589237416018050020405300800023104065
847309010031278409002146783304065178100827346786413295470082900905034800268091534
563107092847309105100650783392570610751046328486200579008465037075832940004790856
006973458893051207475268913708506104019734506564182039087325640650800090042609075
458007239607392450090408761040673125506241807072589346700910083361025904984706012
009541680586792013410386295654239800102400369008107542761805904905603728820970106
004175896950802041178006352081304579032769004049510023290080405417253968865941207
190680452836452100054179036548721360612300570973500208309017605065230981081960723
149578362367421098058096704000010040415080079683749125520907486830162950706854201
100670800450321906037984201526498307870516090940732068264050139719240605380169724
709000346432916780685430219504180962000024157200795430920501803847369521150872690
907850020043710609205309187034078095628495003570123468052967831786530942391200506
009206481005489732020713059793000268206938547540627913632874190450392076987100020
982531706005620918760984520107460389820109654690008102200005437579243861430016295
735048106186003479249610308563702901097160235402005807051036784024879513070051692
485712963206489000719036002867093014521847306304160728602950037978324050153070049
407901052983542061210673048649138527008406109321795084132807095874050206006210870
926410753174230698853769200089026010041097062205143009692074180418652930507981006
690875423583124796070369158000058934007630815835941002068293540359406207100580069
435100298621498075070053100249605780153089642786042951002934000314076529897021406
749010030051328794238900506096580302317269485005437169082050940903142807504893621
397614025081253970200089040908175462062948153145362789600821530004036207520497008
060729003793416028214503907900265380845030670632874195106357849389640001057108230
006508029720941306409362008683700291502196843904820507291407630845639102067215084
617895040203706500048231607050978136739600058861054029904087365185463970306529804
700618039089543207064079510941327856076005143850401902418030695632900781097086324
005837026248096371670124895732640058804700960901385040000461580486950217509278634
039871645674920130180600790048739260920418073713206489807362914061004827090007356
586017234741800090392456871028005703134720069675049108407290380209583417003670952
079084612120036904864291357253100860798650241641809503080310096036408125500962408
743920106680103429129564738562310847970452613014706092407605081006040375201030960
381256974460703180297040350572438610830910247049672835620000090904307528758029063
025803010137256800046901325672504981581729000394160502400017293703492158219305704
628317405705280361340609728173920546589430100462571009906045287257093010810702003
075934021216587004943201007400750092692140050751892346500019863304605219169328075
010470390790136425354928167040009082961042753287003914125390806076081509039504271
501906387947302061086051409195864002462537198803219040230195876718600954000078013
809410372042803659537290184705040216413762005206100437004681720378024560021537908
500438021031059060098160530805010396610594082972300045154023679306975214729641853
321845006087000524450290081643902815175468209892301607718029460209730058534106072
205078169167950832938012547596741328401093006000005401784526903609407285302109670
652703104090540762107268539719635248200014357000072916374080620001427890928356071
067501394003297586985046700609010432300724968842039075528473610100958240090162853
053240178087015009920387056295134867364800501718590204036708940070401083842963715