200540607007900052145700380403170598701080036020635174314007860072861943006004020
713498200025163780006750030008240396342906007600530042830025170060014008104079603
806530019904061703315040286000403070097200040243176098002710034781320060439608007
096481502705296000820537610000168025200075040109342700931004268580003491640010050
120000694074050020036924715290560000681749532403812900500206007700130209302097058
846900000531047829020580140402009350000350278305702694258030017014098560090170480
109368042530429700040000930351080624702004059604500387060200891917805260023006405
076001849308047025540892070052400610014063590637050284780910032020000001163724008
710402509953000406240500710829107600501348200007629185100736850000280961002010374
831004097004893612020175000102006000750009301398417265900068423000002189203941750
009024000273801094600079102708462901412593876590018040000207300021945068807100029
046950700920146800501273064205309006819467005630580079063890000058020397190730600
080061503165003298372000601090600132643702085820050760904006027200507019700924356
010200640749036820600090003004763158567481932003025064950842310830600000401359006
890403160702900050014570930243700890009200070567839204051087029370002540020154783
090608042025309816846200500504062070679083421018900005452031090160095080987406003
654908370812730005070256180546097803000060791700823450205040007469070200107082509
050803960369025418081906520470091300000207041106304789017038205003002074802500136
904807360708046509216593804803405021625009003100300680402608157087900430361000008
010370856695012304837546902109057603000960580306481290500604708400700129903000400
042607300008340027730902065410729050075036902329850671167003004004001030053470216
006001940030060500417593862142089350000235614000140080953018706801006495604050138
200300041740001203053040860068094125970123086001600030510230978837410602690805014
371804065920305170856007034030080420060479000018000590542690781080140350190058642
593000628027305194400290753908450060145000830300001509054789306080000972730612405
000900500600000079917002806105607042746231985382549761278100003031790628009320050
512980600908675030067000000004561329051239008239847501026304090890726413003100200
219405380036107005070300196364001279002000860980206531020570918700908050598610702
090358000367290580580071090030006020600983004805027369426009830900432617703805942
003041275004020016002756900819070003435600127720305400300180002001532748258467390
000023001432981560000040392160200483548300209000814700906072038804136025210598074
720090001304216089001507264510680000837040600469751823000329500695074130240160008
701209068639108042050740019000510076502090831910863025103905084490081050870020103
905600001040197003127350809094500000086400735051700946573906218869201004410830097
964032801825049736001608204070906140000317082092400367683074009010090028200861400
812036045034095801759804036905642003080970500000583600167309000520460719098150300
314852079005601003006970015400025180500167904163490700650289047840536090902004500
009512607210396540060708000608957012001260083900831756090103020170409365840005079
357980210800062030060357480000508001713096040548003692405020167972600800186475003
408920016510460302026030500200306950691050423345219067853672100000590608964000070
005960107090247385703185004257010809930000000008379542300504718582030406471690050
004690007971080006230071890050407160607030405142965308809300751725010640403056082
452076138789143060600028074070032410200400789064719200040307020096250047507680300
687502030100039672023706850401600325365024000870005061506983217008000006019407583
908345000104000980070100360285001470640287153010009026703824601421000530896513042
801370640002049708900800300078010293200087415519034070096458032324001087105720904
903761400802039670000204905610040250029017846080625710098102064005003187400076592
260009300000036001340710809030204506650180900489305002893650247704928650526473008
718649230400507000000208479063180704104796350975400000651070903042901060807302541
780109054042036180001400726800015400409070068675004201104063802907200045268547013
092456003006008295008020407400300712005817349310204600204080900961570034803941526
984231600026090804500040290008072900235010487740380002097123500400709328362804709
912405780045803290378109654530712008420608305006534020291080000003940100764050800
700960041103087069900001700004605097207318456568700000830000614402196385600834972
340061257009704160716580034000475010400300075870619403900253780123090046500006392
090016020428537006061920008250408900749105200180203407804759010900601305610342079
957061324004500067086073501000630415418259030305007982023710600600080003549306170
032060785056348009801027006008054072204019603965002008543106820627480090089273000
940030026000500170817609003070046952059278361100005407090452008260013790580967234
006089540070500000958324700020003657080152934400097128890270416761400200540961870
746100030829073500351906470012060943483200700090341000234508697900004052165090380
014235709058609023302000651083050940047328165065090807870500200430970008529480070
090800045423060080007943062970304018614758000038609570340086050562097831700531020
120009876783605401040000002070014360000076158516890704807002000351968247402107985
153040890276109435008500706769405320481000659025008047032804970007093000504670203
092560001305000670146070085500837490239000800870059036617305924408092063923000518
427036810105700003639102574706050030892061400054207180200900648901000305548003791
084509021560104793900603004608735412045061079130090560050007946016008200429356000
610570209750000001248196730107203094835640172490010306504938610300065900006020043
029406003710029645600001902960230010250104090134597026501642009370910400496703001
038769201705830904000010807263450009894671023157290086600005002009127605002346008
071462350030081067060057100180576423006003715703124098310040076690718530020009040
009408075450030001706500084105003268362819450807006103581094730003082506024375800
083574000952031060017060003809705000064098125531426908108040032006153704345200091
200009480760405291400200007026590004100684000847103659074352168500070942602941370
715642938008793200000850047074026180836907052201500763400170090300409001160208570
852300610000810524010520807241700098000934200009280746083470905407603180625098403
098705002605982731720401805207619050000074280064003007931206578470300060806190320
698040205413572080002000431800950327020406510501000040000019862189264053200385194
639572048870463529504891003092186000105007600006200907250719400060025890013608070
000000079074869003093001648300652890425008367680340512152004736938500001700203085
009370000081652479457000362096428135203500708518090024865007203030260080172030040
200190685850760030090080420415970200302040970069213854020059046048600010536421708
790400608003006157056070294120780060634159082587000319412038900070960521000207840
050080009761500482892041030085067924603290718009814560908000307007108206506973001
020065013005180024710230809941600208502001936630702541050326407003008190280419300
032618459050709010016040807187200960560307000403196578301820046040903200078401095
469130782371248509500009300150000000800652174746391250684500000030810425010904830
649137500200089006703500941004060750527000034030054002198372465362905180405008290
705000301981053076000071802430002560500000100200765943854326719390017680107890235
798352006164708230300406008809500020650920870201830059400170060907600412016240987
070320845521008763000765192609184207080070050037052489802510374405230910700000020
910376000273000801060802300304080576186000429027649038030108605641050702052467910
093000205406352179275001600900014863002008791018609452061400320500827000729063048
009076485000050190002019700064830021280094056503062047905047218008521639106980074
200900150901020478075008320308046592469050830020830614090100065102507083856392700
259030481600154002034009076405328719093706245701490600500073064010800007047061820
673000405890475206250060070082530741507198003106047009020050304405321907319700062
620900000710362089009174205067493028200850147540701090056238901031047002870009034
036740281700321950000685000100498703429003618073206009290030005601952004354067102