000096053053000060060345291000000378028400516635000020279180045014507902586900107
821754603000006085005000012200573940589100006430600500758000239960800150043025860
070000503640739020000504607904307000702861459058492070081200900007648230020905084
240910050501642000896530010065000000380475060019280435070061542050000780028054096
300408600820039705094067000430601270000900136009270004980710060042396010061802953
490835016817420359653170420006043507004500200080000194261084000709052001040001000
300826491960730050402001760804100200016000009003002100009087045020463910648915027
136900800500020143284503790961302074300700218028040069010007900003891600800000431
100249053002050407056730912024080000301472500078005234200813796003904020809000040
600000120905610700200304960749100052056000378820000490508703210072061549401200830
453869201000400309010237000100076000605980714008100023260500937081794002507023008
023698100097300040186000302805710920601082470070560810360050284004809701008046000
285090060406051020017000534070000283829137045040000719750062401300010800104879050
192705000056400020000000001419358076263004500508620143647812930900003000085907610
624890070080074026573162489719003600050047900400021708105200807002008004800409005
075190208926348751381057040137904000000030010200815973700409365000021090008000004
807416005501802600206037100914070500600050970025048300402389750070160029050704800
009000800038169075704820000045000080872300654016004729680040193500736200403918060
500000038000001040030408927040896050060004291790123684218600300459307002076982005
901800040520740100307000086090510003600080025750269010230095871080003602179628054
000002050270008039105070462057080690019000245426005078030726980968001023742000016
600708014027000586409000700071380600092610007304009021000261473710400290200897165
203006107685100230000923056130000604459008300860401005910347000506092000324610098
098430120410270000203150804007591006586023010000004357950042060800605930002907501
302841076046095208578302040080030492621904000430070651007680004803010025004500000
040009503825100004930500821082005416091468057564700389000070635050601090078003000
630700429197520038004900000010000940309215000768490150453867200976152000000300067
300000800102608530084500702007000294241700603003420105408065907725904361906007400
508034009037206458100509320700060284600478093049023760306000940001607530005001800
403097000109008056078012943897103462300020010014086009581060370000840601040300205
735060108089100076100040305518306024004208003270094080800030010027001560001625837
600007900093246708804095623905000832138902070420803000009028007746500200200479005
590002306016008040243006900165297038800103600020065007601089004900654710457001060
902310640006940017001007390723480951600059000400731826000173000030002570260504103
213000786000073100040002059080546201124089067095200438431000672579000013800700005
039014072010009000265873419026900307504000160078005000051400080780036941900081625
050049630096300180200816097629408710007690008005200400402960075500184906960070300
600700003007386514000509070890000745376405108145078000238900000569142030704050690
060007403745803200010000578971604852654008030203001640500009380100045706490380100
193075480200143709007080312500000067001639840060700203000010038048060571315000624
683002105059603872020400609200807390500309261390261000800074050040000720730026018
007030005196800200000426071721350694000094037934007502072080000000042319419500728
500080020430209007807000000783426015956310700102057083000830109094071208008692074
035010690070308015041657080107030502094720300328060170002046000000105904410203756
035912806210050930900743201309164528061070300000030600052690003003085000048320705
754000108312070009680053472030402500065010024000080390000730910193028006076941280
071025098895001267263000005500010623010000070702564810387090406154000902029053000
051276093000100070400893500048769032067004009130028000320687910005032600086051320
705204318260819400001053629548196732076000000900300540807030190000040260620901000
004658700107030604005417002520390006903086140068001230800103427706000301300709508
018020093023060015049135002351000084080500701406210350097354026064000037230070008
810603075030901060920078040090700854042856090780104032108307009073200516060410000
340001720017080693000700105006500410480016370290074000970800261020109800150267934
090018004000530896584679210900060080048300967702981000031000008805146320029850600
829507004073040920060829307187060000940008675035094201010050006256180740300076000
006900000000002617000860405900030104705184200164097300540020931021059706698713042
894031702005000030607005980218067509509020078403589010381900400040803007006010893
500401026030729450094005317400100700907650203000972145700006832020300004800207591
009078030874035010153004280086009300000080059005020068098042170510897043067510890
200500009075029306090007054040053000000670023783002561057806132021030608308214790
435206809000748503867090420003800002200030045050102630092001387700380206080907054
019040600023006400460831020382614905096280000104050002201965387030008010000173290
560000084300942600000056000070529136000160879006780450653470090729008541804095700
352070601009060427004120080537000946420790000908054712000910238003000009290830164
580670290301289754020030180900802641250010039008003527605390470800040060430000008
070460201060813074010907005030000056007301400080659310790100542003594000548206193
010835972253609041780010065002094106106700000095068020001307694430056208008000700
600900000504021387317584006021840000905060028836050419409010030200006001160095872
180056370000018060040790800028030907065270140001504023294007030837100296016900780
001000040790314000842709510000903401910640025057800396109008607076092004080076932
903000607000369128080007049300491586100005093890700002008603975706002801500178204
340800129507100000080090307730065241005043060062010935809504613674080000150020870
056381249849000300023940658000090800490100506600052901905210700264803090001000482
901538472075192860002600519793001285250709130000000600017900000604800901000216700
408009002702004601936215804684001309091400086000080045040007213260140000070302468
038200900204800000670000028000039482080040019492000053507301206806927345023654801
030702500580300020070548000050136089890200605140050032007485206925600870408027103
082540000047326098000170250018450930365980001409000785001060800830200510904005362
000401000080276594450030716000320960027605381036008400001060857200503049690780120
600000308134698072005020610512000497087015206903240801290050763040309020000000984
906020184001509670072681005680957240007200030024108709710400800200070900360810407
080617004047053612063200750720040180498000000031986040609730420004520076000001935
040020367206073018837614209060300540153247080029000073300002600072059000980006704
700081006050040017090570800924857063810263050036010278070090340369020705080705600
864300050902610000307005269680700400005846103140200007501020876408560910200178030
460500900895003267012976085650040103700351800900000570006095040540287000109004752
695120070007006000083004600008019067370258100020647580030460720014830056862905030
002306070009000001083419625094020050030051098806940310005792003070068209928100567
506200000000635009000907000160378900370426105002059600908702041213890756047500298
047680000250040601610705489120470865000060107705008204092810046000050002401206958
400005326069010078058627010005271964106840053947006200002060800584090630003700040
035800106009301000417006080156730800004602050028045000800913065590007018761528034
076019080285000917900002406700103028004008060510026000142007695657201804003405270
306974080000020714204815390503198407000750003700403000039207000800541600001639872
700834021051672043020010867640080000130905682589700300370058000060007430900463070
020030691900412085810965207000250004576800029280100563090000452052690018008021000
400081700005003010206900840000830007708590130352074090980260371627309080001748260
300870694987300200060500780000203840036084529208095317502930408003000105600050930
090208060070150290102697453431086029020015304050300006018070040203061905700009830
005930006003000510970510003006150800507060904008724105050397642034685000069240358