000040000032005607018730500580367000700420009000058006004600301000000060090003040
050000083100054060000000050407000032560340908903000004090400720040276090000000040
904000062100069000000208009000000273806000000027000486091050000208000504700006108
800090300070083400000400060000000783027900000000004009001860204050027891083000050
600000050000030716305100020040600000168450000209783000804005000030070000020004075
000506010000090040100230080032600590006040200009020060820003409004000600000482003
004001687200604003030090200002900070000000005010000020305000000127540300040073052
079200000020000007035078000500020000060000000000601070050716009091050786006890502
764210930008049002010060080000000300900001000420007000090006700050403090600090053
020000010073000000000000040507040209801930060002060081700080090208413000000097024
250000400400901350079050000010508000607010503000306010002107900000600000760400030
261053804305000006807006005000004900900070600000092000000230060000600009004905082
009000008400005390080000002000460900001780530000090006007609820005000409068054070
106075930000100402002800510904000080807490000000082000000007620000000000603904850
000056000010000400800000109206405890580300610000678052050060000301000000400020036
080010000070000060003000080300200070800374026020001893000759000060400719907006000
030085000206100000104030080821460500003000000500000001005000802000958000948706005
600090010000060005009410706186047500000000070357000940942601080000000204000000100
005830010820600007043100000000400050006015000050203786060008200209000000018300005
000070000060450702071089050900000405140705080006040100030000061000607008609010000
000000830000008005030500200093621000200470100470000300005067020000000976607200081
600530810000724069000006003082000001030140250004070030001080095050090000000007002
709381200000240005200095008020000003070009821300004007002050009000008000830960000
903050000071904000000200300300002084080543000120000000007009835608000000032480001
030400000000095000800037090005801003080000201402050000040500900360970010050010826
000068000800000070005001003900304018000089000300070260203816490108037000000500300
000059002020816070000040100241500000009401000006028041092005060000004705004000008
302610000000907200016580000000000000430806005678000000984200050000009060060150309
037640051008700640000509000000000289000007064000090010050004000182370000470000130
000003648860700003130500000048605020091000005002001004200050030005310000900280000
908052003230109004100600000700000000000290078094501300500007800009300000400920030
023500070508160000009203060400910000060804009790005000236080400000006090000001080
060090000240608000000000000954100273030240500000000846000019004080000092010462700
000010400100004000003000900000020004074105290910083705597306000001070040046000030
040308200000007000800020050703002641000010072000400890100200000604039185050000004
460010000039080700015070603080000106001059007700000208008060970002090000000008012
000610070078009013000000060006701002005000140200460890000000321500004089009080700
000000407009400801014300009470690080900500004000040070097008300546009208000100000
003009000080050307742103096090408000070900400104300809000630000005800001000007002
971854200082706590030201080000000000000067002000010008605040000740008005300000006
074000000850006407260400530001700000900004000730000084090070145007043020000000603
000600050400000700387025009000900341500010206000000008240501007800007410100004600
037215060600700009000600731376190200059070300000060000003800070002050000008020000
049000007070006800005790000080200006300801009100600000058120463000905002006004050
800410050000730062070020000000047030000862090400053000064071500109005204000200000
000097060000010700060000080820054000405000610000070504008701259057280340000030000
071590006060007009093008000200000800900370601106900043080000000310020500020000064
001007049003800200090402038174000023009000400802040060000120000010000082006900004
183000096000001307000369810061003004002040700970000000000500000008100600307806040
000090000050000900009501037005000874120407090006080020083000009001700082097000605
786000000005086700001050800509270400072030160018000057000300670000000000120060008
000900507700300280008720000900200640005040003800003900009500462306090800400008000
630000940000049000040000307096025704408000000000000083702000439000006005013007028
059000360020306950036000002068000201001000005200008009013000706682073000000000020
937058004060400057008000003090500300080000215105007009000040000019000700800001032
095012003060009000018576902020700360900000500001600004000007025602054009000000000
104003080008007900097586100709000560015004000000000478970032000080000300000800002
020000001006000000753000402900007200305604900040900700810593674097000103000000000
000030000030005800200060003000080201300690000005003006092374018076051002000006095
000010900019080500000090400090040280002958370083107004004000003000000849930060000
006320004000000020000570030305006879060003200007205000650007900000802040234060000
653002008790050400020900000800005010512089000000000905070038000200500030100260009
600300010010402000000860705002000000100028304570043109000234001000090000004100097
080360904034790050095024000200000040001000730860409000300000400000000300426900010
190085000000000018008076009700050003400000070000002600930067001201500007600091430
340000050768400100000700600670309020002001060000080075500004200003060514000050900
006084200800020000290600054004200537070060401300007900180000600007006300000040070
080004000000780050930105004004200970200000000001000063108090507029003010500017400
300075980000086021008000470096700000085000000003809002000508160000000008049001037
078600102200700004000002060007001000023450000050900023040000010582007000031000487
803095000000000005500100004004200609710604800200000100008000907670809001050020068
008527103000003060053600000805004020409160030000050040300000400020315070080900000
020560780005320049309001052000605030000000008008000200090800000000496020856000070
980010407000000816500840000060000040009000108000401000091520080000030500035089720
086004307030010090700580416041050060209806000060002000603001000000000001407008000
060000910210603804000000260970010030620085000030070082000509020702000609100000000
047000000063025047952100000000080005506000030009257816300008000000500000270040060
005900860300000050400018000147005300002894105000000024524380000000050043000070000
500008000800400010701203000600000090020050700300061500007504000280000450403920870
530200746007134500402050090000070400000020005100090270005000000060000027210000850
058300076000870005000500904000000403300004000500603007030208050089730001075000008
009700500603000020058020030300000200961080007020901003090000010810030000030090876
413785002587000003900000070000000000200690801001450007362500000700000300100000065
000040108500007092002016500000000000476090803008403050000604085000300020030781000
004810000627490150008007003102039007000000009965084020400000000201008900070000000
010800650890061407000007000000900005000040270050078040008716000000002708027089000
012005040000029300670000852003070460000600700700390000100000005008256100540030000
000002005700435000025900800003500201012300060000000003830009000090004006050673902
900060400006200190305000600000080004000000007039670510500010706093005800080030209
091050000078094516000000793000010278000300649920040001000002000000000080003905060
500801000030000205007900083000000000710308000420106007604003000300080042280604090
002780000078900300160020098006070500000000000405008279700000003000090045800230067
001580300630000000000000100500001089003000006000960030342695001095017020100800005
900100800150972000073040000501000007000010085080759310020090000007000023305200000
090003007001000490065040082258006704007080000030000000100070945000509200000020608
006000000001000020009002683062000430000000192018090060705000040000635270000027850
400000000090608030670400005906000000001300070704089103047200000010030050005090342
003927054470050090000008300000300900004006001801000000005080000136790402009030005
008000000106250000000001009005300904349000500002940030007863405000102090800090070
200604087100097004000050020053072000040900000000840003094081002060400031020000800
