000000860000560034608300015007080000000900002190700008300005700000000080406000020
005017006010008704090000058030000060002460000500130080450000007760000000000000040
007000200800001006000600087000100624000060890400002050700058069000000000030009008
004000063009870001010000702000000000000530080100080050090015008400090200001008005
008000506000400000000000029000206400000807001300100690690000004002000005085000312
040600901300000040900400300208160593064000002100020000000031000000000009700000800
050040000001308009000009020005900007000060030060503000530890706176000000000000100
028340000760018000000670190050234070040000000000000060000080007000007500504000002
430809000009040000000600001500900300068000004370062009040008000000100705007000008
050846000089001040004000800000070000010620400070000198032000080008360000000000003
060800000540600008080070940000000000008007060000300000000000409000204085004768103
000000003980405100000080020090041800000000000008300040005013092004590000109070000
200950008000300100900700042300400605500830400000500000052600000004000000000140003
400120000100605090005097040300000010000400030709000000006084000000000084800036500
070000600000002000000000004010020070628000000700000900007030009051947060293800007
207000085501000604089000000963007050050000000000006000824060000005000010010072000
000201030012003970600000000000007008789005060050000700907300000000002600060700020
005004007000000000700900250500200700000000000009050003200000015900327008006145900
900100000000000400004060010016924070080370501700005040000050000008090050000402000
004009805500200300000056010000007140000023000000060030000000000400901080098340070
009000046003000901040000002000023100000000509000008004806700405090200008000080690
000000053507049060830000000000908000000400000970506812040000000000000634080050020
600020078000050100005681239000000020000000061596000380007006010000000000008070000
000004060000001000016030407002000090508000010070065030020010308100340000309000000
000010570006000040007600290100806005000000060000000102000001027000062800070950600
047600090002001000019080000005000800003160000000002006050003080004050000200010375
800000000004900200079300000750230000300097000920005730180700050005003100000000000
000060000005420090000080206350600800000050100180000060006090000040000000091243050
000000000500760000010802000001096000807205094050000206000641000000000000605083001
800000100200000004001002000000090081900034027000000935700600500040000008190008006
000000003013000000000130900000820009002050800000040625200470306540060200000000400
000009008401300200000000000034080500000030000820000703040013809008004007060800001
000002700001060090070913800190506000000400100000000006205000007017005080900000004
007100009000608000080000000040010860800500010010009004000401508004800600008900040
700058000081000002000000800600034058430090000027010000006000004098000100004300006
000000007048300000100600089003060705080007260057000800000000600469003000000016000
020000000400201976000000103900003000380075000062000000807050000240006000010807000
030000208000000005200560019607000093950006000000005600000000904090000800005000326
000073190090020007000000000008002630064000000310004080005946000000030000000081076
009802576000000000540079032000008900003000000000001000005010098104020000000680700
070100000000009060060200000001005000000708400800601000200374000504010070307590000
000000102079600000040103006020005000706000500004007000402080000007002410005006080
900706000060090002000004900510027408000040000290003050000001000000060005050800304
000003004000841002000906000380000070250300008000760000042630500090002047000000000
003065704000000050005100000000058000057010029000900080008049010000000900961000008
000000000007030000130000800000200005260500900000100470018005023620004008579000000
000000904009004002400500803000000009000000000040000007031650708620000390000039021
000000000000180000006790010482000050005000000009805072590008060140060008000010030
000005800300000000040000000002080034063000791419000000000032100008000006020809503
200010700030420008090000000060002095080060010050040082310007920000000800000000100
006000000004070030007064201010498020420000000079206000800020000000005002060040000
006030040900042000250006030000300000080000000460090008095000407002609000000408006
000000500928700000007000800050086007740203008603000000190500004006000005800600000
000050000007080200000000106000005840000030060003008910078300029100029000040000081
207000000060020003309085200002006300050070000600400005036000020000200000004050071
000000600750420000000096003009000000003060005075000900901000320000830400000719006
005030000900000070800576942200105000100300020050607800000700000600008300010000000
003028170001457006000130000006004000000000001092500800000209500050700000000040010
000000000001000400005839070008000007500086000300000908724098500100000794000400000
000700205020000900005900381410080000600300079390007600000003050504002000000000000
000149008000050000000000400001000045002000703300001000040060009030900070019405302
600009000908000060000000000309000050100000247407006003210000090000307000506942000
506000700000006300034000000190002007400708000872009003000017000087000061040000000
060000000001003076004076009010004000840000000200700001170405060508090000090000050
060090000070605100050710009700560000000070900026900000000030500041807000500100000
000007000070002080002086040000674009000000052000508030001040068006800500700000100
820000070040703200030058040060900534000600708000800600080000000002400000009000800
000001030053000000700380024400012005020000100000000062284000007060074001070000000
000109805400057000030060007360000780207000600004000030680000003000000026900006000
500047200000105000001200800900000037000001090000900500000312650209000700000079000
010300600000000000020004800001905020050003701840700530000000000700000900198006200
000090600000078200700504900600000320000205700004000009096040870003080000007002000
003000045860000300000730000200070008100080007704103902000020603607000000300000000
012490006900000020000020009630800000040030000028010000090600000050070080000253900
070040301300080009000000070710006040000420000000800000800030906501000200006002107
037149520200000000010002000080020074000600000020070001100400000400200758500000000
000001600610000000502006000260803000000040000300000800409000700700690408100030502
010000008050810000806003000003600005107008600680300900000100002000205000002030800
007000500000000690000500000009100205050204078000850000100028950908005000000001080
060000005091204060070000090000005000000080000008607054000000241620001500900500600
090005200000000801000130590900700100000000089080420350200000005005000000700500024
000070040100000985000000000000200500728005013940010700500003000010006030430020000
003500000675001083000003006000809000000000009030010857309000670700000000000307005
008005020003000080704080010200003800001000204879000000000000002000020509300050670
300950012001000008000000050000000065800000130010020009082000596009080300000090004
793000000500920100800005409079000502020000000000742000050000040000006020000204005
001507900000008400000204000050000060340021000000005003000000500090052306700496000
800400067706000900900000042000008009000000036000070210009041723400200600000000000
130207008805001000009805300000004001090003060001070005000000000200009073010008000
060000400020004005800200093000010028000080000070002500142000850700008001000000930
068010009040000016900604503700030000083000007000700034000006000800090000090000801
000090400000000008400080090760010509900608703300020060070000000000870000008235000
007650000100000000060178004000000100070000605610000000020500431400007506000040700
003007048476000010500020000300000809800104000000000000100080000927040000008500091
700005000000160974400700800100000000000346000000070408000000002000003049209000385
210486000060500000000000000006170050000900703000805000000700206090601087002000400
706010020050004730902050804000090000003000400079030050300200000004000073000000040
000000000006240517005801000900050002207300090000002075000070000000008031004000089
002450008050000000000008500469002005000000004085004260006000700000029000001006450
006054080009076000040100000000010000600907003003000047500001008400090050900030020
