000000008000000009000012504000200046000960300000003007004080005000300100008020000
000086000000070350060300002000008410000007000090001000000000000008002900200009580
000000152000000000000108009009000306750600800600007020040000000000200400026000000
000800003000900600630000000300400289001008045000059000000180004000000030000000000
080000500005936000002000000090020050006000008000000060000003090970002080000000310
900030500003000090000004000300020000600300000002040073007609000000050040100000600
006014030000005801000080004304000006005000000000000005000006018000000000060741000
000300000307000008001695400500700000970050080010000000000000000050800900000014000
300867090000000000000050003000070020400000037000000000000200051900003062620000000
350007020000000000000040090000000500010000038967000200000700159070004002000000000
000104500056087019000006000000000080000630070000000003000802000000700690070000000
800002100005030400070000002000000000143000009200007005000009080002000900000020050
001008000090003100860951024000000400000000000310000000000070000000000000507039600
007600000001000400060000090300000000000530070500000000008100020000009003010800759
540001002000020000000740398003009020400000907000000000000000006080000000320000080
600030708009040000000100000006320000000004000000600000904060070020070000000205004
975800001062000000004000000000000010030149000001000030000000098003090000050000003
040000260700002090000000000006050000000020000000000140000205010058000600200960500
000000000000006009000000000090000001004900020020640500002000074600100000415009600
000000050000014000008079012007000960100000005000020400000000347600030008000000000
000008360000002000002000980000700000007046103300100007004001030005000700000000000
000090000000000204027001000080900000964000008000000729040100000809600400000000000
000020000060008020000006087010004602000509000400001000820000010700000003000050000
108090000000610080006030004000860000280140700000005000060000000050300000000000009
069020004000000000000000000002036051035000700001000003090000010006900002380000000
000000000000000587500000034000000020050400096000020000000008000019000870006015002
000000490000005010000700000089201000631000800020000000000006300863000000090000070
000043070600008500800009100065000000000000407007000900010000000000007001000401020
050200000000490050000000000400501830000700060070080000000300080031000040600100000
001702000000005007060190004005409000003000200000031000000050000008000090000000072
080450000000001030000608000000800300030700000000000090004900050052000080907000200
002006050000102000000000000000007601000028304700400508000005000000093000200000030
000260008001030500000080000100000000527000010600000009005000020080000000490000850
080050002003040005007000000060007039090530200200000000800010000040000000005000007
009000000000000000000900480900085210000070000801000700607000802140000000030020000
700508000000000007000400080000802000000700918000004000000300009403200000000040063
005100007000008020307000000000073000040000900000000080100600000000307000030814050
000006005690000000000092000000000709020000050000080300006000980000935000000800041
000067300007003010600000000000000400009000000020000003095700000340090207000300100
000008200085000630640000000002003006306000070000000040003100000000006000100000069
008000000000086000017000800000040500000000000004810020030000050500000910680007040
800053900000008000000100000600030000300900050700005030000000040000500060060072100
000903005010605000590000070000040000000050000000006540002007050000500020000460000
000000000006400000030050000003200600709004300001900800097000000008040570000000060
058000743060008002000700000000000070000900004010280006000000010001000009800000030
020300007005002490490000002060000000003000000570001000800000200007006008000000600
000000000000340006040062000004000000500001000016400008000005409000020000098010020
000025000070000014200001007320400071006003000000002400090000000000000000043200000
090000000000950800080000019000300008000000400000006000002070000178000900540001006
049000510000010004008049000600000000002050340000000007050600100000000050030800000
002070600048060000060000050070900020080340000000000010907000300000000070000000205
000040000400700000001305000000200000009003700030604010000000000854000060106000400
008600040406000091003400006070080024040000063000000000000002000000000010000000409
500600000000000000000130000050000300260017805000060090020090000000000000086053100
050004000001005000030070000000020063000000020019000000020089000370400098000600000
064080000000000180000020054006000018000800500009006040030000000000608000020000400
050200000000000032000300014074509000090700000032000057000090000009000080080000000
090050700700000050000407008030070001000000020000004500000000009000081402002000005
000000001000700020004960000010000053000204000007000800700000200600109500040500000
000007100000090200008020007600900008500208300000000010080600053300800000000000000
706300140000000000012000500070000000005003400090000000500130002080006004200000000
300000009000000054005900012000005030000080000000104000904000020008000706006010000
005000000080000039003009000090600100008270960000000003300000700000402000009300000
300704900000000460400002000020000000600050000019040000985000000004000000030400800
000700000800000060000005009000000056060010900503000140000050071050027000000300000
600300704000490030000000000000800000307000008005900060510000000000100300034000900
000008000000009700076000010000006000000001507500020030704800306008000000000003070
030000058000002300000000001000070000490200030200030506050100000080000000170000900
000000907000009002200604010000002070008000000000006000060500040582010006000060000
000002097000300100072104306000000000000400003006003000005070001020000008080000000
000040600000900780020000100070080000650000000090400800200000003000304000000007210
906000040004000007000080000600000078078090200105200000001002000060000000059000000
100000000350000000040150790005001000031000000000090300700200600019000280000000000
060200900000000600014000000020100564031000000450006300800000200000000000000060003
000300017008000005000000000090070500075800000000000002000000060020030804306004100
001030080300800040008400000000500000020087001800060500050000008100000000000020006
000000090908006000000030700082000000500000000100080600000200040000098007063010200
100000030005001007037000600704000300000070000000040870000000000000850109900400000
008000000000080610000000000020000705005290863009700000080000100600003000390000000
020000600740000009500000000300000790000000023070830001000080030000010000000056008
870300000009804000164009300000050000000090004057400010006000000000900060000000000
000002000000000200400006000130600800006000305008000010809045001000000000700800060
000402300001067000007000000200000000000000600100640000670900000003700200004006100
700900003000000000002030070090374020030280000000000730000000062000003007000600000
000003006008060200609020000000500000000000008803000000006000709007000042000900503
007000030000002750420000160000000080003000000084000000000000000000360800006050341
000000008000006000600800000207060001840015000031000000160000000009000000004001290
630000000950000000000783000000000400000090360020000000005060070006200013000030600
009000000006900020007306000900000000000004000000029000198000200000090007274000005
030200000000095000000006200060080430010000000040000000020000090608700040070004080
000000000400700082000005014000010000000000060900072108500200007800000020000060050
200060050580000000400008000000020000700500060002000007000005036000740200000800010
002000500105000000060000007096000302000000000500000070040200700020000153000000204
006009000000005000150800906010000000060071305000006080001000000000613000000004000
001020076600100000000005040000000000090000107000000439800000000400030508900040000
600080100001000705004002083000000000005807006000500030000000000000408900400700000
940830076000067000006000800000100300150070000000000005000000900005610000600000000
000000000000000050050000638000190000010060040000000006903000501100309200040200000
000900001000860000006010000001080000602070048000430090000000009070000006000620000
090000003300904520206000000000100005080000000600030704030000000000450000004000007
