000000000000000000000005000000000000000009000000030000000000800000008050000000000
030000000000000290000000030000000000000000003000000000070000000000000000000000000
000506000000000040000000000020000000000070000000000005000000000000000000000000000
000000000000100080000000600000000900000600000000000000050000000000000000000000000
000060000000000000000000000360000100000000000000000000000000700000002000000000000
000000008000000000000100000000700000000000000000000090000000000000001000000003000
000000000000000000405000007000600000000000040000002000000000000000000000000000000
000000000000000000000000000000000400080000000000000000000002000060000002000000300
000000400000000000300000000000080000000000000030000000000400000000020000000000000
000000000006000000008000040000070000000300000000000000000000500000000000000000000
000000000000000000000000000000000000004000000000706000000000000000600100000030000
000000000000030000000000000000000000000080000008000090070000000000000000000000007
500000000000000000300600000700000000000000000000000000000000007000050000000000000
004000000000000000001000009000000000000080000080000000000000800000000000000000000
000000000000050000000000000082000000400007000000000000000009000000000000000000000
000000000000000000000020000000060000000090050000000000000000000000050700000000000
000040000000000000100000000000400000000000000000000000830000020000000000000000000
016000000000000000000000000000600000000000900000000002004000000000000000000000000
000000000000000500000000040009000001000000000000000020000000000000000000000100000
000000000000000000000090000600000000000512060000000000000000000000000000000000000
000000100000000050000000000000000000000000000000000000000006000000030005000000020
000000000000000000040000005000000000000030000000000020000000000000060000030000000
000000000000000400000000000000009000500000000000000060000000000000200000000090000
000000504000000000000000700000000000000000000000000030000000000000000000000008050
000000040000000000800000000000005000000000020000000000006000000000000800000000000
000000200000000000000000040000000000000000000000000000000040000020000000000700003
408000000000000000500000000000000000000000000000000080000040500000000000000000000
000000000005040600600000000000000000000000000000000000000000000000000000500600000
000004000000000000800000000000000000000000900000000600080000000000000000000000500
000000010000000000000000000000000000000000000000000000002000300000004000000700020
000010703000000000000000000000000000000000000000000000000000001200000000300000000
000000000000000000000000000000000000000100000000400000000050000000300000000900008
000000000000000004000000000000000000000040701000000000000000000000006400000000000
000000000000000000000500000030000000008000000000000000002000000000002000000000020
000006000006090000000000000010000000000000400000000000000000000000000000005000000
010007000000200000000000000000080000000400000000000000000000004000000000000000000
000000000007000000004000000000800000000000800000000002000400000000000000000000000
010000000005000009000000000000000000000000000000000000000500000000000401000000000
000000007700000000000000004000000000000007000000000000000000000000018000000000000
000000000000000206800000035000000000000000000000000000000000000000000080000000000
000000000000030000000000000000005080000000600000000000000000000020800000000000000
000000200000000000000002000000600000000000000050000000000000000070000000000100000
000000000030000008000000000000000000000005009000000000006002000000000000000000000
000000000000000000000016000000000000000070000100090000010000000000000000000000000
300000000800000100000000000000000000000000060000050000000000000008000000000000000
000000000000000000001090003000040000000000000007000000000000000000000001000000000
000000000000000000000006000000000000000061000000080000000000000000000700000000020
000000000000000000000000004000000009000050800000000000000000000000000080000000002
000000070000000005070000000000000000000000000000000000000002000000000000000001090
000000000000000500000000000100000000000000000000000900000000000000080000004000007
000000000000000000000000000000000800060000050000500000000800000000000000080000000
000008000002000000000000000080000400000005000000000000000002000000000000000000000
000000000000000000000090000000000000020700000000000004700000000000000000500000000
000000000006030000000000800003000000000000008000000010000000000000000000000000000
000000003006000000000000000000000000000000000005800070000000000000000040000000000
000000000000000000000000000000500200000000006000000001000090000000000000000200000
000000001800002000000040000000000080000000000000000000000600000000000000000000000
000000000000020000080000000000000000500000000000000004000000000700000600000000000
000000000000000000000000280300000600000000000000060000000000000020000000000000000
000400000000000000007000000000000000004000000090800000000000000000040000000000000
000000000000000000000000009000000000000061000000000000000000000000100000004000003
000090000000000000000000000070000000000000700090000000000000000060000000000030000
000030000000000000000900000060000000000000000000029000000000000000000700000000000
000000000000000000000000000050200000800000000004000070000000000000070000000000000
000000000000600000000000000000000000000000000000070000030000000000000800000200006
000005000000060000000000000000000000000000000000000003000900000000000000900000030
000000000000000000000000010000000000070003000001000000000000000300000000000006000
000000000000000000000070000000000000000000000000008000000000063000600000000000009
000000040000000000000009000000000000000600000000000200080000000000000000000000005
000000000000000900000000000000000800000000000300070000000000000030002000000000000
040000600000060000000000000009000000000000800004000000000000000000000000000000000
000000000000000000000800090000002000000030600000000000000000000000000000070000000
000000003007000000000000000000700000000000050200000000000000000000000000000003000
000000000000000000000000000060170005000090000000050000000000000000000000000000000
000000000000900005000000000000000001090700000000000000000000000000000600000000000
000041000800000000060000000000000000000000000000900000000000000010000000000000000
000608000000000000000000000000000500050000000000000000005000000000000000000000010
000003000000008000000000000002000000000000050000000009009000000000000000000000000
003000000000000000000000000000000000001002000000000000000006000610000000000000000
008000000000000000009000000000000090000000060000090000000050000000000000000000000
000000000000003000000000000000007009000000000000600000000000005000000000000300000
000000000000500600600000000700000000000000000030000000000000000000001000000000000
506002000000000100000001000000000700000000000000000000000000000000000000000000000
020000000000030000000000000000500000000000000000000005000900000000000000000000009
000000000000000000000000000040000000000000000000000006000000908000070000000000050
000000000000000000080000000000000000800000000007000000000000200000000400000000005
000000000002000041000000000000000000000000000900000000000000000005000000000009000
000000100000000000700000000050000200600000000000000000000000000000000000000005000
000000000000600000000090000000000700000000000000000000020000040000000000000000006
000000000000000000000000100900070000000000000000000009001000000000000000000000001
000800000000000000000000000010000007000000000000000000000090160000000000000000000
000000000000000005000000000000000000008000000300000000000000000050000300000000002
000000300002700000000000000007000000000000000000000000000000000000000000000002400
000001000000000000000000000000000000000000400500008000000000000000010000000004000
000000000009000608000000000000004000000000000000000000000000000000000000300000090
000005000000000000000001000000000000000000300000700000000003000000000000000000200
000001000000000000300000000000000000000050900000400000000200000000000000000000000
000009000000000000000100098000000000000000000600000000080000000000000000000000000
000000000000004000400000000000000065009000000000000000000000000002000000000000000
007000001000008000000005000000000000000000000000000000000060000200000000000000000
