513246879482039516697581203031674985869125734754390601140962357326050108905813462
714523806620798410589146372837264159951837260462051783375409028196382047240670931
982731546547986213361504897005802769628079435479650182813265974756498021204310058
851093247926174835437520619174365928592047063600219754240751396719436502005982471
375268400098143765146759832839017524752384196461925308604031987983472650500896243
867931452491820763523764198182540907746093081359178624610450379275309840934687210
812546739356729148794381265625198070407005691031000082543862917268917453179453826
386419572145028639927635104259040716764951803830270495470582961500167348618394257
078236415302019786516407932427803561859164327160025890701648259085972143294351678
467231980259784013138659240824390176976402350315876429581923764692540831743008590
024518937109463852385279601296851070743926518851734096912005764538640120467192385
870394510513862947469715382087653004024071853351248679795486231048139765036527098
985741320732506481461823957847235619593017842210984573020150704359472168170368205
061983207382174900974562813019635784438097651056418029895721436107346598043859172
160539042524176389379482561486295173953018420712643958291850630607320095835907214
293657840781902356456381297512800479030415628648729135329068714105200983874193562
032856419085249070964173820501634982649082153823915764316428597408567230207391648
124089675839765021756412803472530069068291054915674238283946517047053982591827340
476235819518496723329817546007361054634572981251008307192683400745129630863754190
051483679369517408074296105637850201548132960910674053493728516725961384186305792
094152876502763091067048253056874102218530749743219568429387615631425087875691304
793148562462753918500026374837512649000467835654389027201675493940201786376894251
901832407307095182528147396892710563610950274475263918259306841186409735734581620
084025937592374618673908245006743129941850763327009584468591372205437896739286051
306581270174906358852734916923865100687143502541270683469310725730492860218657439
718239540462075308900486172349812765851067420627354819083791654190543287574628031
910076482028410976476928130392804761601739528857261394735602819169305247284197603
219387546478652391653019287385106972926735814147290650094823165862571409530004028
697418520541293608823056100756082419130645287482971365975064832218539046364827051
908604130045183962163952807879461503536829471214030689657318294391246708082597316
678195432531604890092378160903247581214586973057931200326859704785413629149062358
312965048069003250405217930020791465597684123146352879678529314251438097934176582
135786924978100653042935108560879412421653789789214536894027360256390807317468290
468231579312095406795468312003879261186304957279156843007983124830642705924017638
073010964186429753549367810768594321051286497024173506632758140415932070897641235
193627845056308719084951032627039451019460278548072396932706584875290163461583927
163040925259603084407592613031270498724189356895436172370024561906851237512367849
913728654207649138064531729306084572471053986528967013139876245642315897085400301
492835761168097435375014920817463092639752080524081673951370246286549317043120859
478162953021459076956830124849516732735098601160374589210940368094783215583021497
835917264479620531621345987067284309213796458984153726342060105106470093790531642
142080937039127458080493261963051842274836195518942376827369514350274680496010723
183406750947300610256187943631029487425873109798614325374265800862031574519748236
518746923247319586936200470751960002829173045364508197193857264475692018682430759
283670541601450830495813270934120785158030624762548913527364198840790352319285467
539271048820609173761480259673198024948527016215306087457932061386715492192864730
942531687768429500031670429027054896485916273600782145279145368850293714014867952
326857019570943682489621573008765094762430851954218736690572148217384965805190307
368205947751093860294867513823051479645729038907384206432570691589136004176942385
640725983753198642289463715928301564160284379374956801896002437410839250532047108
003974160921806457647521389178392546594167238302458971700643820235709614486205793
125498673374621958860573421097812534532046819418935760053164280246087095781200346
627345190891620345034891267789462513056108429142953876013784052460200781278516934
820971400915364708347852916073645280269187305458293671791438562604529007532716894
520836479804271356036954812958413267417680935002597084175329640689145723043760591
037251684285674039641398205329080416108943752574162090453016027892437561716529843
935468720076950384400107659209613547051784962647295813513809276794520138862371495
781243596095760428426090173932187045617534982548926307854612709273009861169308254
527618390638594701419723568186372059370469182094185637961230845853041070742806913
970218530315476289402953176160794852758032941204185763031849627647520398009367415
812679340653004729497250861574938216236517098100462537345096182921005673768321954
503901708168237594947856213074195682256483971819602035731564829085329107492718300
531794862687213900294050037719830426340921578825467319452309681178546293063182045
283176945451892607967035128510700080836514279794083516349628751675341092128057463
830906271076812539190035486541628793260179840089453162328564917057381624614297350
075049632968523741300760985083192067527638019691457320259386174810974253734215896
165072934724913650803546710351268497687459103249031860402697581516384279908105346
734158962925746830186039574643927185812064397597813200009481003071695428458372619
341657892869421307572389416184296073297135648635748001400073165950812730013564289
354816279291547683786200051063720548529468137478051920812974360935682714607135802
153896072792541638068273905627409153581360749309007826236708594874935261915024387
389156704257840360641273859078092130925301487160487592590734618014625973736918245
742596103601704529953100674230085791897213456415609832569347218178962345320851960
497851326080429517251736480748912635916385742532640098129573064074068901865194270
648932050597618324321754086469085731873001265150376498205849673786103549934567802
412700863986120075537864219758219346321546987609308152864950701105437620273681594
024956173039871542715243090261730458457018239398425761076300914180594627942167385
310040625728356914406219783564971832293580167071632549982405301647193258135728400
425378609936150487780496500054763801197285346063941752642839175379514268518627030
326907105514830976070165423457681239931204658682309714798410062043526897265798341
735129684649385020218647359980210405421758903503964012194872536067501248852436197
492673518058210630613508792065427189149385276827196453280954367934701825006832901
100468570849517236657293410306985124928174603510632987203750041481329765765841392
514728936903450712762931854835264179490173508271589463100392647620045301349617280
674329158851047392390108647269715030718934526435800719943086271526471003187293465
814065397925374810376189425437928651258010903109453278503790182682541709791832064
837401529520983014109752863965230178783195246012876935391547682678329451054600390
720569380658710924193842576367924158512608439840351267406185092200496813981237640
958734162763218400241905837592876300617453028034129756186597243425381679309600581
984250073512793840736081952027809564648325719159674238490160307861937425203548691
214060837379128564058430291425890713931752080786314925597603142143279658802501379
435297681970316254126584907653142798249800016807963502582631479760459023394728065
502040819871932465006518320964183752150279640728654031617395284289461573340827196
605417938900208675837056412712895046498163257356742891560381724280574109104629583
613790528425318709987506403379281004854637291061945087538172046196453072742869135
475020963918063427623974518746832150539617842281405736150380004394756281867240395
952006174768204539413975860027091458586427913140583720631749285895162307074358691
572069813608351074103720956785642139010983567369517482007096345431275698956834721
102846753378915426564732918239500841087491532415028679703289165026154307951673080
167528943295413678340967215509780326683092457072635891821379504056840732730250189
