867254031094863752325900864438106275752340619910502348671480023083721406049605180
159068407806029513432501608518042736064710982020806154793180265641253879085690341
184207539972130864536948217365420170497851326218673900841006752729500003650700491
039685000204731590800249736073924680628153947490067310587012469916478253342596801
287459361490673085635812090514090738920130654076548902853704120762081543149320076
689407235402630791173592400538129047247856319901740852705364028024901503316205904
042803605500206819618795023391087250265430781487521936729354068050062097136978542
065287419479351682812946750950000361620510978130608245286134097703865024541029806
157296843800031927209048516481329675972865430305174290510987362703600100628410759
194387620760592841502164973020843710910250408048901062206439187439718206801625394
390748521401625973572193648025819360004236850860570190209051786058467239637902405
583010040197524680246839070009305700734981265815276094371462059458790126962158437
807060319943781520621095840189043062572916083364827901296478135415639200730052690
080390401430612070917004630624701980798256304351948267043879126869120743172463598
843005061695184327720003845576092410312540609980631752458310200237406198169278534
050319476063407295097265138018794350725601984934008061049872613276153840081946507
139804570040576139657319284006143800014085760385697012291430657403701928578962341
568372490347010256912654830206130948830400712091087563104769325659820174723540089
928000650357264801406859732874106523601572089592038176180605047200947318749381265
809461700710258496624379581470693108386105070105827304947502610501934827238716940
029680475086975030571324809714830256952046318063012947197450623238167504640290780
620039178971286054308147690107958263096703080580624917710462839862390041439801526
826570914005689032739241658687425193952130476041000285168304020200056841574812369
973402685154608070006009013732961548510324967649875301401086732867293154325140806
407291586958376421612050097890162735260587914571030008345628109189740650720905843
985123746374659128001007030049015673756394812132876904017938260628541097503762400
450892370326157498980630512175329804849765231632018750013246007298570603760083025
578612409423098561019543827296174385750806192000025674945007218102409756867200943
009547132713892564452163098201978356960310027378625001090236085524089613036451270
938760420501243609062090173145306798896074312023918564219050036357682901684139207
789213654360095000521684930938401726207368105156070040673529481892147063415806279
090253860352468910604197325238075090507349286946021573175932648869014702023706059
006010459013895702502006301827543910351967248649281573960134827134728695008650134
804936520359102468627850301136098245045210076782465030060347912293681754401520683
302008947048973512597142038064327809289451763735609420803010294926834175071200386
073095168982163745651780923316907582095026010724851006547618239160532870030409651
159300074428105639763890251085209317300518906201763485836951742912437568004082103
048970265517462938296583710159826347863740021720005680482097153931254006605030492
467852139215394670398076045054621307971435826623789514506247001140908003089003462
021743089836159724479806531065304092142067358983002467658491273094075800207630945
085300417024157839713040652578004361061578924200631578196205743837416205452793080
807369510690041308140578260031094650784653921569712843308427196076180432012036785
960123704084005090127948365601354928598271603243890517712089036439610052856432079
634570102579128364218403507300205008025847936987016425892734651761950840453681009
905760008028413960316950270530180792871329450269570810187605329453291087692837541
249107583518023679736895142600709058457381296893652014985216400102034065364008920
947800520260537194513429608409185006650073841831642057104756089795318462086294710
268134579913056840547820031689310050070268913132400786891542367020683095356971028
167834952843295701925716038609480320312509684784060519290603175031027806476008293
718906305093401806056387921902048537571263489304570612620810753047630208835792164
417083529305219476906475008274361890850947632639528107062154983543002701098036054
701253640050164870640709125026517394174308256395642701537426918460071532902805067
792831654056492371031507209600075892020346715017920403305289146184603907269714538
364907285901458763587036904005360841418720639693840527009684072842073196036192408
078290501126857943905614278587942106090361850360578429849735610653120780702486090
890025307352718490074639500748090165913076842625184903239847651467351289081902700
907625041841703652650100003569814307183257069274936185328500074096372018715489236
623547180071908065598361274065709420780253910932014857847190630016472598259830041
426508139003142865815936720734815206190063058658294371500621983280350647069480510
530281906192674085087593241921750804850039710743812659279040560408325190315967408
831907450794561823605438010067283540480175962152049378516390087209850104048712695
417008239596003840238149076384215067961830400752496183029070315040951728175382694
056173280780452106132968754208697305943825617560341802620580003875230961394700528
719200456425790381036041790394807165567910230182635974250069817978052640641070529
925631740670089521184270096802146970346897152701520600560710239037962815219358460
739561428501942076604783951073129685016354207205876003152098734348017560007430812
920078516316520097875900234142730958087402163693810042759683421400250689268149370
058010342231450796067293185803175604610842903724639801179024068382567419540001237
679253801402187659085469307723516498006742513541038702250671930014095270960324180
050613978809470305137890264073156049548739021091048530725964103984321756316087092
416058320380070591759203468963082715508791634147305209075026940231549006694837152
407160283852970164160284795975806321608032947004701856749618530086327409321459070
352149087080206930469073052021435798743608521098712403875921300916384200234567819
275364918004821756108059320623495871501280693789613205890146537457938060316500009
032768940647359081859241360503497806761580439084130572305974020476825193098613004
309845126560729834042163795480230961106584203723906508037450680914670052658390417
040527618682100457517648392325471809801365724406289031200716903069032145130950276
300082501917345628580690004179853462243967185658124937736500249801030756095276013
837009042209734518140068379403927165502680094796000283658472931320896457974315026
357921864491860572026074391105496283609080045208057916783605129062019438904238650
590761248481253609762408300930516820125804906678320054856142793317985460240030581
018269350573148096692537004354691700861720935927080641789402560205876010146953872
506208413391704826248136597163570984427081035050463271715009362080327159002610748
913806270670412800280907106746528913859173642130649700091284367368095421027360598
298507136130090587506830249345986712829015463761304908907468325483259670050103094
020651374465973800703842065301764089684329007007508643946285031538197426102436598
079623184034581072102497063920746315365012847417358096256079430040030629890264751
802639154946051800530874962357482609124967385698315427089023546203546098000790201
945362781007815006186749503534286910698471302712050648401520839200638174870194260
900570482345081679807960351734610598106458723582390100270136845418725936650049017
637081200481259703925763814094835076056974320308120000743618092519342687802597431
509043782827159000346072019173485296064037851285961307631524908758396120092718030
060200804053694271241783659784029160396018742512476398175960483038140920420837016
689205731245071089137986245090002407304798562502610093723460158960157324451820976
170428695290156734654397021732845916416279308080631207067013480321704009045960173
509080430486953720732461580324816905675092108108745062963170254847520013051634897
841002305006531487573486001650210008329847156087659234765324819412908503908175642
980316047074892105200570398623081754841257936507043021109438670468729013732160489
160052798894067201527081364059043872740800513081025649915278436036504987078639125
896217035271534986543860207329476100684052379157000642010645893938701560460098721
