720350904840706502130492786002865341610907825058124697080601459460589270590203068
029581704703609125154070680400965810017230900596718342271806493968023501305197008
459071623023960580687203914030417850945608172871500006394182760510790048068345200
086597423200006075005432861050749108830215790719863250067308519091674382320901047
764259180510036740823470506137605904050940318948020670470392860692518030381704059
069030080508104906247086153902740638806029415453608207325060079691857302784203561
835270496641598030002364105920153864506947203403826950204619378108000600369780041
972846503308075426564200807051639270720150368643020951180497002497062185030081740
912607003070850012830219467069124038021385790308796241240531680106478325083902100
850439270791582400342710859127853000564097000983064517200008946608940725479625130
080503140356410792412607830261705983534069017090030654943206501005974368670051429
983700452500090863402308197736185920204679000198432576305946218041527630620800740
963278051854013260701004839049036508038129746100080903087351692615890374390647005
325000167917306248640127900761509300039281506580673491174802600003765814856014703
497168020068234190300070468285917630914356872006840951052483719070620540143090086
349500871156837029800491003095170082438259710271003905713945268082700530564300197
278596430904120070351874902035001700127945380489367005796018253040639017013750694
207530410165284037349607852432758109056390704791462503670143295010906008023000641
410320000603854901298670435041008650086012300529406718967285103832147569150963087
198720300253900876764580200632097158489615720507238604340102987820009461970864500
593814000810763549764050001380276410275340806041589003908037654136420970457608132
652043910089615702007098630095386407264970850070452160921560380008139276036824591
384001506697034801125070493256400700038752004401896235743069058812345900069187342
459600003370504268062170450294315080005246931603907542520031894940862315138459600
075092040264518937839067250046103572782054100503276894351849720008735419400621000
807251460054906731601734058985340610103508074072160085340012597728695043510073806
347509610891600534256341789035160028002073451014258000023800167569702803178436205
108409673609357210237008000700805931895163407014972856071286394980004165403091782
420897063938501702061342859090408671817200095054170238143025086076083500589604327
463001072817064593592738164720453916350680007609102350236940781900800235100320649
706542831185379264200860905867953402009026758521007096050038149974210603310094027
781435060324067185659281740910872450060194007207650809478000591596010304102549678
018359427400200936309407508107520694062794351594136780901072803086943005700815269
700380160510429387839061005068974531390658072475100896957240610683017024142090053
790235601205819003381764290007520910902108036618943572003091827126400059809352164
058900214970014658241586973300891465896345720015602009160009080580723146030168592
025416089407089301918037264539608172672350490801092605194060507700125943050974810
516047308304852619809136074168400037400371806753698002035789061687010093041203785
965802017008390624324710508583129746602478053070653209239587060107964800046201905
300512900176049058095076403843150692700600835002938041921463587568791324430280109
961023085578614209030098617612485003049270068705069120196857300420036851853040976
084602090372519408609748350903124785041850039250073641130480920497265810800091574
092657300560803901430192756054916802029008140813425670900231468046089217280704593
927613580846750000150489627508321460369874015214590738700900006091205870685137042
190802400682907031047310982829570316370201854405683729760130298250709100931420075
295486010014305629730010485650004031008537296973001854507100968081769542469258073
095720813368000792127830465609047028780601934534900071073064209951278346206593080
453719286267080001019040753930125804508006012172890635384207169091438020725900348
200804015159706080843951726598600134421098650037000090964283571705419362312560809
739420058620800094405039017308194726914702583270350900547203869160907435893540170
070640302236001947014070680123907468489120753567804100390268570640795801750413296
809412607465870092217569380003028416920140735641035928576300240302654000184297500
760280503025163749134709280200895634600327190593410827400971052372048961000632078
048300506697104328302680901420006800780293154913845267069430710534971082871062409
203405008149072360875609412912058004736294080584063709321547096657081240008306157
436210500075480010182570090700064158040751902301890746264135879813927460597640321
926157003158003607073006100614532078705649230302718564001365709537291406269804310
703856129698123475025974638261385907950267381030490056400010800002630714016048502
806340170403690528519207034938520061052169083041738295190002356387450912260010807
481053692630982051295010807302675189058294376769038200800309510504007923903541708
975162348230875961810493700469501270053246189128037456040308597082700610097010002
023080791905031084814900306087193562090050810152876439201768945009315600568249173
649083152532041786780200394020050409900830615103694827468510270215306908390028561
813465927574920130906173584058649270047302890039081005481236759095010600002594018
000698500962351784815402396100560908450283160620917450391726045000135609576849201
129038006706195820058672901900346712071289365602517480093760254214853090507004038
509014020680957014174236058010695400906483175458021093301572069805109230290368541
603908401592164837080573962036415098058739046709682003060201375927300084315047609
276384901500709864940105700695038017700516208182497635827950106361002579450071302
738690420429183065650024908087402600046371052512960374893210546205800193160530207
198645070264703091537291846920457638370026019840310720600134957009578260750062080
050634021416207800027080465765412903008903517093805246002346158031028604684591372
016320485053684017470591302029035178735809624801270039067950840194768053580040790
648057021072006008159400736487160592006720813013890674825000147960271385731548069
892734610610925874450168290925070341041253980386400007168340052500682109009517408
603709250097200634152643009238490516965108743070056920319062087726834190504970302
428105306501906402060204518007398624983640051042517839294850100815769243070420905
067950000951428673034170598649207001523690784018530260396042805402815930185360407
423080679108379254095026831650847123317060508004531060531094786800613090046058312
165400087384527196270860043638104902920673408507298361410700609752016830800342705
738046512692715834405083769307592640951600270046870953023469187864007005170300400
695023047810067000247589630359208016702015984104076523906804105538791462401602098
124906783067843021983072465051438097700615000830290054695021048412089576370564200
738429651159876020620153700403591278000700943902348165046087502590204836201630490
738241569256030714010750308607198230385407106092365807500900603869513472470682900
865274193234900587170038246356427819417389600082056700008613025600800970501792360
094851076786042001012709834835276019160085327240090085903627148471530002620914750
000425010507390004314608952431209786276084593859036420080912645165847030900563178
528693107317524908006701052270009416684312705109076023741205689000907231932168004
730095401610307000859461073975016300246938517183704629368109750490502136021603048
065347821720106930104928007813702046249635718570401092087210400692570103451863009
602583004150769382873214695500871006320690417716340809005920061280156043960437520
216057800730902541945108627167309085023580796500746213001094378874013052090805164
324500078509780246008092351940361827100258469086970135800620514401805702752049683
064918732908005416120064508006429170392157064041036259415680027679542381003701600
419702658003481070278596310687953140194020583305800796730248960040070821852109407
846193072750084106029700830070059001501427369302018450035946718007832645468571923
198420060347089521650371098403702085729050610015946732900100203531294800276538149
800014253039528716152076090980653172605790438270481900508207040306049580741835629
430857961071629804096143527005094378347568219289070056050080093003405780728936045
