186793002000040087742815960028631570413508090657920310360157029800362000270489630
738020051104859723059370084970038010840910070321706590593162807407503069602007130
210800060080036510530170408853764000472913806160508074608457109790302645045601782
084796201002005430951240067120579340490038125530401970240987600619054702003062094
160200708409008060837056429270583090081967542950012387703845200048021003012079854
254390867738002094160748350800030649910284700345076218020413906403020501690807020
500710382032508410187204006308021740701485600406003851809100234615300908243097165
201097680570600000648302705065830102312740859987250036753408920890120507120900348
802105379067032148931740052010590200300604091090217500153809426206451037409026805
368720410590604280401039007003050146204961308106080025745090861602178594009046732
000200801900170205050938007829507413015490782730821509261749300093682174478015006
419265700027803195035097402003006001146978520980030604768300209091652807204789016
076018093213005786800036210035062879960004130128009060681503947704001328302487601
530094086082561700907283014043017000605948371009300468274806130198430650350070842
045609380193400056028153094004295600070306419906714825207041030051837062309060147
005409860309067001678200000406178023007326908023054016502781304980543672734690185
012943780709685310360070009280367954005498231400152860120539008034726190900004603
070008401410309760029071350247580009950702684186900275062834900734095826090207543
301082050750900418948715263009004180073128640180050700215807390896200504437506821
684700123200100085105068947813527006460931578009004010948376251070452809520809030
942108675583674290076952804605087100738019006410005387050743900067090450890520710
304080107950714680107023495003957068029001004076340509690078042031495876708206951
069281074005640000100090638896032017543900286201860309037458092058106043412379805
902701530187060902054002671790018005005623497420950806640289753209536180030174009
023087610005104892910625730539861207074200386080003051807340120340092508206518073
030794020647251003910863704806540370701380249094172500470928015200610037105430802
317060025040527136652190807834916570520784301760302490075200080080641759090805200
375001804940763025200085093163050002489132576000609301091004250530208617827510439
009135482204789536305462000108270005546013720702594860023640108461050003857300604
000503607610097254509264803025348000890700320367120485206401038948605172730982006
500906078089132450060875200971204063008703541340080792256307904197428005830560107
790180240835029016002675089000714863008392157010806492004960538081500604653048071
250903467607042589004056003870504690502369074406278135140807306360091720720600901
769451823205096017134208609021007096573960148406813070950034760040020080600085934
371052680480639712060710405143076020897004056250983074704891563539067001600300090
129680743074912068000730219863579000095041376701020000532107984080290057907450632
640023000397418206012657394000576430200894005456132907708060541560240803100785029
425700810701480030603510974056023749070648053342005681237861000504200068968304107
200580030734012658850036214070801029040697083985243760590028346060305892308009170
100648072028950106436721589600590021907480650200036700501869230379205860062074910
050983421003256897028170300316002900472569108089700064295410603730020519001390742
000231090800406752296087130163974820574020916928160070715802300340600087689050241
090780013017530406480160957342090501970053600806471020038945062164320805029810734
432651987896072400500940362048037650010420030367089241623710094054000006089264570
190204378708009425450030160614593087927000030583620941001076052209480713875000694
000280915080690427029517836934860270072300089518729643806130004201006358700058102
594103268032054970706090403008539140070480520400217036047901685000340712281065394
310905260592601708764200010075806341481327095639514002900183026146750000820060107
092054683507930214384010509920863407730540006005127098853402061419005002270391005
734861902052034680861009704200190306196203875483605120000082500648007013027316408
671900408380107002090403070138076049729008051546201783060759314917634825450002007
006285090043001825000394070581426037600853000324910586475600218809072354132500769
600752831283041090075908402764813925050420370028579610410395700536207100097004003
319020084007986213286400009023001508751308926408092030875064092602859071004237860
821005479745201836036740200459107362210039540083002790160803957578000620092506004
420701563060934017713502048937020084856419032241870600090008406075040800684097351
906241835205790416480030702328000107164302089009186240893407051012000374607013908
984075020072614398160982507249061700637549002801230064018096205095020416020103009
469050730005060284702304560178240300053001408620580917547020803031098605896735142
090602410208910007601573200482390570513726048069845132005030094836409721020160053
731052006029470035058309001013724568067583410845916027002147093370290080100630052
150764832680520740247018956800075260706182090025430078491050607308601500562007014
710309800685274109040010760530480091026100587108752643304827915800005406250640378
057460981689501427102890530060204079008003045010958263836100792920706314401020608
652790800031265709470001625104587003097002060328916504700009316240103987910670452
050796201190452783042180006471328095523960178680017024060205007010609400207841509
002837016080612943100594802508900031020481657001053089250068100064105328813249760
043956102901480635675031408562874903019020067738000024306090001280603759107540380
470030850629045371050176402218309705794201038305784009900508064002693500580407913
163952080795846312020310569480523071002704803600100245341675020970230000258401030
457081392039052401102409057543176028720943516916528730300007640090000070604300289
052718349789500261004296708590620084836145972201080506020800613900301427103400005
073059080608002430419000200580304091146980723300761804901048567725610908864597012
507321684030874090482596173963142807170005206800007941709200410008709065300450729
043680712008710054710524830835260490197400320460937080650340970000070205274895163
179825643040397501530060709700600002864972135205043800006714908900506014451289307
070510900401090073080760010090320856025086034863457109248075391037149208610238547
907034200002100540140026397215749830476283109030600402020405983790318025083962014
651289470347100002809407501460903100905802604700641259230590716198020040506314028
300267405007800623526413908000050197761309852890701340204106739013970584078500260
463712958752003164000640702508930200074501000396274580805107429601320805907058016
831600457956473018740518060105380700028150396307904105509031620680249571210700000
680105927054702103021983046395017060012036059860050201236500478078320695509600310
734890502169254730580007649008900000091763285307180960805470020246530807903628401
758304102003018759192657483036020098000500604985463071024906315070132046301040920
731005682502630197006127543328719450009360070067082319085096001614073900903001860
160092073325000006749380150017409068983617240004238009031000697576903021892761034
910700428348126579025004610130589204509000380280673001470061895802040136600058742
050629070008157093971384062049030756586070039703065840695842300817593600002716005
850702400907001028620080017070056894519200763486037250235674009060519042190823675
765090402010782630382006019137520904829043571406910020600074253003060897078239140
904182603170009824820670051500741086481036795307895012200467508605018247000520100
037608000280090731410320086008906157091030624654071893842760300163402078075183062
300857420700136009658249701580092104020615307106400592460320900897564010230978640
083527461017860392640031570170298040800015720296473080750042806420106937061700050
120750698090180072507902431059036817862471953730508206973805000600349005040607380
517423060004800321280009057936578014128004503475010906842731695051080042769200100
718309064600574091495061200320005009001036742946702305009248106263197458084003907
409005637060097251700316890871620549205074086694058302907500403546701900023849060
104903807780250030395078642960340580071682394840500270407820913038090020209430768