039600850108209436064030090093100548825340619416095000307501020951480063602970000
539062107014397820000540906107200090306950710980174560465720380270083659000005200
796008132500739080340601005005300008907205060400086007850193276213060849070842351
409000752083007090070409008615902843040681070790000020936145287050823064804796310
250308401386109070000007386610070030073891064820004107768405900945013628032080740
245681970030472085708905240800790156006503720510820300304260017082057009001300062
100730096070094258480265713007506009508409071904387062025640900000970685706053004
001028057050060849470905206834506721500004693060713504700800930189372405020040170
050390207830006540291000860908000052013502790072964381000205938300849176700603425
380079604007463815460128730003782046672045183908031007020000301130204008809300002
054193082080456300300827450097230005020768943063000000138074500905300678206985034
906070415750081300100045087538714962000508734067320150009056240602837001305090800
800050023034900680702368490023619000000730249975842010296170854501200937307090002
400769005750300240060054879601805703907406158280030090304580000006940537592673480
327061490460800275589742061904300002036014050000080134690405010270009800143678029
508000200490082567276105803017253040054906700629074105060538479983000600705001380
086301000001524906200786140820030409960412007143978605600003070074150208518200394
281657390390184000647900801039001500000708906062400013020319087018576200973842100
050004810903000470864703250421070900070529164605801002540180097132090508709430621
062750300341962587875014962487090006029647000603025479190406700000070001750280600
200315846080790050004800190762400918519600734843179620000040360005000482431068570
761203090350409201429065003500010074146702350087350006604530802803926040075041009
160052043834901052207300196070105084302094071040087000703820460498010327620003910
102058040973402150548109002020800560754296081016030094430007806607501923201600005
604000320891032504230010869917368240002149780403020190320006017146203908000090602
875491632320000009600002080100007960247965308056183400009324050408010073532678094
561023000247086053938154076010390762006010804020400501792600385603870400104030607
970438602684500390520670041350020080790064205002090060800007026165283470240956038
000354970780106400543070020654293780000607205970015004367489512400762809098000607
006280039059040802200950060098105200602894050045700098864372905073008024520469783
003840001000950270902607843600005794170080005045796120596028007814509362207460509
690703400500824769270010850000007081001482076086501230005948027809076305460035198
301207806080006000000103249518472903006038120000651480107825004869704502402309718
817004936423700815009810002000207590970640320080309064008000249092400053564932187
692158003083492001410630209530826140200970056170003090850009730360705008927300610
301298060497150832082307009008604025230071084564029103805710096900062000726905000
407019562925004013681523497768090041000207630040100059072900080896030105310008920
800019400006005723420630918050842001012050807684371592240708360507164280960000004
603042000428607590000800620306185240015004300740360008901270035004501786587436912
750192043200030500014750982935208710421905308007040059500410820002083007849007135
020183004014020007853497621002560308006340792139070540065804070700052163091730400
030021704010460835040080219495176028026395000001040956000630591259014000163009482
654809130201360000370051906805293064002740001040506290087032019126905400039170082
900376840017080253804512090520700069000691305169050004005107038081420976470039502
948106053030059480501348296120630809060214030450807102306000010790500328210080670
751269008890500761634178005008000603000602104016043852460010287003890000587406319
040010002803067540627009108008420003036978415091635287000002851102350706579180004
200361050304789621169500873000670039703010260690050480532096748980020310410000590
157823069964050230000904507006200051020315684001406390078041920005738106403092070
050304071019025480000080035925006800684057023031842009060518702598273004072409350
820700309364905702917080050759020160000060508180407000698574200203091645541030897
801705034760142589045980006080006357020050000357008902930524871008679423070800690
056014008002530670000080042327195486060042395594368100030000764041976250605023009
603027985002605410508103026000008040386904051000351869060749000705012694894536070
000609307746302590023007016361275840054003670297480103002008030180734205000901784
507160000308572410102080753000650321723000640615204978000305064406008502201946830
710930024230746508080050003060300002840069357023504061108623709070495186690010230
432096817080043500500001304273400650600925730908637041346070080820359076005000123
306950800104867030007230510835600040470100693001042085249016358510020900068593021
420030608370689402690024075030845100154063280867200034010458003580010740900300851
015006037400032060026015000503091670060547389097003415704620153102008940639054708
501809370940701625723400809300580140814302756600174908230040001085903260000050480
700638905003574020008192340070059068849261070036087090405026139060000780197840602
005903700219408060743250100658740213170600508930501006020104807581067020097805031
300000009562071830700340050053182490148709503907400100415097380036524001279800645
823009460704010293019023050301702046590341000470605000967158324200007605130064087
005002030600000001000453986062738495730510208059046170098671352027300019310925807
507081246194605708208073015700000401402508609680700023040802067805367094306049002
456201900000085043328974015000156000012097450000428791291503074735009060600712530
586001300032586009019432856000708520200005098845109060604800035150293684308050907
600420039094510672020060801061074295958030400702109308486790103100340980009081704
005120090060000082297080001376812954928507310510639807050060039781400265600251070
000012896809706300461098725030004017094500682200960403040283569003140078980600134
451823060037460802682097034090031408705084603803079025300942751000000309079310040
800000417306071090070028560910804000703210600005739024200593801038142976401687352
082461709904032501070500640291076003000019276637200018709184365008007104010053820
632854710491703080507090346016300075004287001720006830040608027908020060263070458
306205179715069200809137000487010090260090807950802040500041026672950403094603085
830197564756234198194005020020700040010652900507940812080070251970500406040006089
204360980860594312001000604049832060728406503613957008190005836070109200080620009
760584100982310450510702608040829003078003520029175860807001200256947380030008006
495206107001450908683900450320094506819000020560321709008100670106038200732069840
265408730347061980008703624701609002904570160506310879000147000072000416000806357
300504080124398600587162900200619503015203070000780126400036712732951060000027305
703540216204703058058210037806430000070826140341075680960054021035600704002097005
341608900597000206608509000013790528705200469900485003170864352230900841800130090
502003401463000258010005060230754689706200010958306740197042035300000926605938074
840009725972105683000700490039874500410500309057391846704000060093486250506200904
380070009409653280000198604000209741761840923900317560247000300103724890098500470
138096250540000106609001430050203080080967504070150360060710042792030615410629873
397020060860000124120806703900301042432680510670240380710560430280030951003008276
873264905004180300510937248008370409369800570000500836785413600642059000000620704
208009347007006092491237060306985001085000620704603059843700916109304080652090034
361005870700100005000476201058631742132700009476009183640007028010060397090352416
169472003830100006070030100793261084610985207250703901520306708046007305080504602
843271050700003480065090700000538000008420510452917863589002174006045398070089625
100980506027006000980000701203018000805792034679034218452800163308200405761403892
986021453307050001514800927700180364000402705040370892405618239130097000069043000
209174830705000619108005020500048003092567084804203956051789342020051008000326091
638240500050168200412050986809700651045092800763010090074083100091000028386021745
