572384690046109000003070085008090142100020000054031009305007904029013876701948200
692400351015093800038200006809702100570140230100580049350804907080320614000900003
005704000401682950067000034000051678702060549586400010000508190100346025050179086
380765412704320000002409735947000051015078360000154200098007603001000000403590178
007201493005003708900070501003625980069047352750309040290008074040700830070960015
057003004301048750904157306500020801280001045040095270018400039002509067795010020
768509040210306005305040270037090010500037900901080630602900081189764302450200700
006304900104000080700800465012038750578092000009010008025176094941500276860209530
400009035001002670520000814000603700704528960230974001895301027003205198142000050
001006290050100730003059480607810350005067120800503674070005863028600000536740912
678405000030608100004239060092306741340001920061902580900160005506000400423507610
580070290100249060492508301010384956004027000600915427760030510000850000800701630
109072050253681970780035016006007500041250708520006041400029000300004002692718005
207083406908064200604007009160435728700090564805000391400000005000041932390806140
879240060304600208100078349496037052000062900030951084000005006005000813780126095
100067938807019450960843020040305000058091763013600509002950070570080390490000085
290463500300009070004080300123000807400030152806172409041000720732890610085021940
680050092397010460425906010050009000049261038108705600060030904910028006500694201
008107240760950001012348057429005063306020100005030492690280510000604008000590726
076900080800040035400028016900002500207000069680591007541000090329485671768019052
310080450650027089780450603530096000900508316468032700246000801000800570070203960
000008010208107403003540827720005046136004502845600071674381005300450008582000004
305040160000205408487030529040360702760590000001724096873010940196400203004903000
140020093072310600036005027007060019001293708090071400700938000219746800084102906
003020800800031040160800932356100284240568103710000596000090315630400029090200468
382005607064020901901040502007150028000000793840030006726498310050370209190002804
900030000170405380008002006090053064060724009340916200703261900504389671019007820
590040630408900070761300549975403820280009050010502007800265010007801065056700980
054230000000746158080910003863594710529070060001680005230850491075100380018000007
000067340190305062400980051014079280908030007500021000651200403030050098809713526
694021053501070020237090061062010005708903610015682300020000106450037090170068500
046802009200060438075493061402100300913008042607234015100300007504980000030021690
610304907000198402048020513097806204800500096265079001000001000481705000520903178
270850603830900017019630000000064009048320105703500264460090000350480921082170430
260130805300506002071082004902008703706009000800761029400690318093870056050010947
900048075841095032572301804403010200160820009009054300007030400208070503300580967
036009257098005364504200900800590470052046809040178532065020000320007600087030105
482090050600003490001004607760512834245387060108009072003468200010005903524000006
009300182000952374302007605613700040090000537005843061904570813007210000000430729
000029805500006300200850706063582401425970608080304902002417003871030090350200067
700905000209700065081620030370250918052807346090041507037502600010060270006003854
071042503060300200030157008900080000058000170647500382726830940090400826584026730
620400057007105020453800091060084173008003060342016980206050700715600000094372506
063008725095006034200050689540609201100000300600210048080502917716080050052471060
760203945000080200320705800470502080053600020080130597007350618100807459890460030
190407506004900807608501900740612305006354790500879064487190000000203078063008000
007090025842000006900267400200370601536010000470520083005900140714652839390041060
640038090090246371720090400150000240304920018200417935007054003010002009830609104
508060002092184600410030978371820500080700001259416000000501020905308716140600305
023150008006030100500086423600320075070600090350008610841579236739260001005013009
900000000040083027730529000390060800004705219250890763583916472419007306000008091
050006800090103547701945060860537010000090036039602050000700680517368924608450070
010642050400380060308105470140900008079208045582473009000060004206534007834720006
460003000503170806078546000385027600609381205020604083010439002050268300002005408
000000394438107600059423710801005000063070082974200156005869000007014009096052843
800500034050600802463020905071005208209706000046302701098400007024108300135290486
700801005912653478086720090300510902820069510000247000030005704050070380400102659
000710582080905046000068937030280091000500420802179650418000265026000379097050810
251900083794080500368025000502760108106304972900812005875430000020501000019008300
090306048000149000604528791580763100470080600260000987005030072326007400748001309
803000640400632785607004309000000290000020017972461053201096574098740000760200938
628937150730148962104560730403090800010084026080000040049070610806000293300600400
000801327189072605270000900050127000920638571010940063690010800730406190041009006
008056000076008032300217000592601083007580129013902007705000896200760004401809275
700850430309740005005160020290470851057900042004020700900218574028597610501000200
901500080860709003042183090000301509000976318319004060106405070408200930203600451
320986100006007348017304920700502600601003502205801703500100469108740235000600070
306000020478062000102085600910834206800209045724156309030507090589410002200090500
965003020008004600401059700090381062003006497002497080139768200240005010080142970
014905030078032000000601008721806940005290870089140002156004789840010300203068504
020090005001007462304005897608713009040862050003040001712604938086200004430078106
200405067000000000109687034614003509000950416090046070861724903020531048035800701
096208400021065083053174200907086050060709340000300960300000874248517030079003501
640075000007236050230001078054100790306007102000000546520610037468003915073580260
910300480648007020037208961361402050480705032025100048104023806003000070000800513
000900102107068049009170068005006094704305216016724853072601000650280400803007001
000006103600583070840070590510307862304058700007001400970620301106030908432810057
100538009039070056528904310790620080085490031041853900017080524004019763000000000
104890000562007004900540610793680140040179300081423750406030090017058406800760000
259386004847120530001574000700400365694050017035067008003000001000005980572018640
479620100518049000632051000854007206960208005721000983340105620200070800100390007
479235168600470900032690400598012043264983007000500200705024000103060754046000000
318624005400000812095801000009183046832460159146052300004200700783500620000040030
467009803080040005000861702001050207000178350053092081378016000500287036216035900
612030579957061000300000206205049000791600384406100905020010847000000603863704192
020067005058203769600405030000039008315600904000520016834790200062051487571040090
000873615613020400870040900002090586581002093067300000728054000150206040436708209
807093040203004000490075210568049120120056800304020695030082000702001358901530400
000150900451090300070403180003604850706235009000980260307542600594000732860370540
759000100002073400001905260035809600008436052400750001504098716013067009967540003
063200007402070008700086009009400153158030940046050702030890275527610894900507600
000739085093080210005000097501890420304107860080302701036508102410000570257061900
200106300460397000590028001007240080130780450800035917004002170729013040605074208
150007940900401200248000071670052004500070136081639752090740000064200009305968420
890073040024008070700024008000745183500019624041860050270981436600430002039006010
750001060090706153000458790167005024500207806908164030006819340415070009380000001
079640021412753806050009730628031009037904008094000360760005002000876953080000640
012960000304850010957010086280573004030049820749608003008706490406000500003485072
405007012307008600809526370136079000074005063050360720691403000742680000583090100
000800003160009720070051840792008001536010080004930670007683214023107508680524030
