537400062104000790860721500056370001010968000000004629000005070248600030670003010
802904000600000480040080009700008923900620007008090010089256304070049100204701698
007602040860790320029005608700000050910807402305260000070030090290006581008029003
013082000298030006470900803000718605700600238000203000130820964000070080829340000
239174065578000104004009730603408010047203580051000000400020300006005200002007601
005604000764839510300025700538400901400000000271058600003090007900006103600307850
000040002084257019006000030007003006400500008102080007031060704609700280278934561
010209800890070625063405000780006104100050900035010268608523400450000072020000006
003500621004163087000278030840325000100004806579000000007081590005007068690002100
014796208000100030289435607830041090400009300027008145000000003708953000040800060
510082600030001000270960105893210467001009083700006510100500000900140300045008021
348625190650009008290078050580016002900007010010000630030700500469000001000204983
026080031041053802090170400000409160030508024069701580000000008200890000680310049
007630201301942700000080300940000010170000420608010950760050832800070540500068170
010040009300060584800090163000071300541000000009250608008500432150407000060389751
000039084968702501040080602020000058035008060000000003280395006670810020350207019
075004021032650890640082703081900000200010380056000179003500068500060000960200510
007900000960471800400065000000130645094000200600000197810040570706592381003800960
984073056701000049003050070172040035800605020040320090060001000207508010010402560
216059000000002198894700200000007061567480030421006007072000814000100309130200070
800930001059480000300150000608510307043009016010800945980040253205098070400000009
017934060920008000080207090205001604300649050046020017000006029002803501009402006
000964800095800000460150209534271060000080000682030170000316080040090000800542396
001970040790060138408000027000340812002187004000600075950426080840000050000850069
003290568206730409405000030600912050140300820000840391304570000000400600820003900
008254090400730000900000034089300400003070921020490078097140005254900003036020049
400203100600187200712050308080000652507000004900005030045930026270046003090002081
000300007172059834058071629090008001507020940006004085000006700700235168005000090
100905403325704900040063070000047089690001254401090006500070602902350000700020300
247001030600754000105008467906147002000500109700309050509400800800010290001095700
003010498000400365046953027400300000030040870901268000302500700000736041700021050
496700800700960410100850700800000296600409300000038000301205000924106500560347001
240710089000459200070008064395804012400002307000103840032600001060000708957300000
006082473000500009300104500040007390081096000935421008800035914003649050059000000
097060230030029467400038951000680000006490073021370006005003600040010780609200004
100700002905130008000850106200400600004300700309080001561908320007214960092560010
010900570790500400004870000009003850408619030301785960280040300005008006000257108
000000608080600040042830059074583916068020034013704285000048501000070463000000007
000000640804013079000460080087024106912600007040731002076095028000000005059380710
307501604040096287608000000070000302001423970209068405013850020750000040080000501
650741983080005170000080502009003057008000009705000264043078005020034701570002400
013807564204950008000634291356208910080013642000000005000406709020000106000000050
387002904196430072042000000701000805028060040000081020000003096639020400210906083
809020060000006020601000700004009000306450879985317040000201430462008090093670085
032095080548163000006042305001204703983007102000000508007306050000000000360479820
300040650070350824500087930000104002000005000657000108801493070405706000793020410
238050467057030091000768035060170003820090704100080009000603008300040100706500340
030020500602058079800403610000031800026009000300000297203916748407000906060000153
008060043946037000300002089280000570019475328030080400090054032053000000060010954
217508096000236001038007002064020000003900004501384600900603008300802450100409060
400000807700149502250730040008500924040902000970000058027890000504000380813450200
407000005509310040006400108070060980608029514000830002000286001160543070803900200
016025740000700805070460120000201508000000002080396070007132980038049007609007310
217000403030407102069032007920800715000700600043050000850910306070200809604008050
075304690460009000000705008050006082037420500080501000891007230006893074743002000
070020080800036972002008031090060047000597000027080306009070064000019850285643700
910008400000173082038049015045910306293406000067000009600000500380650070070802003
835620900001840050902300080407010035080502400050003000564000301713060000290135700
240900067039620005671800000580070009090000003020109050000080721702491080010702594
003006920070300006608000070007601400209000008000070632725009043004835200836247150
500480600000063005603900214400050020067329451000700063326800049000000072001592300
851002746742050031009100200090800302020030000360005407270509160510760000900400003
200841967106329050480060200901050008000030140008090506534970000007580090092010000
080070095000895000519460800421000509097002168856009427100000286240010000005020000
023075064006020070570401230050630000090750000004098020400317980019080057287000010
030507002801009053000016480200040705000930800400670390700890500946001038380204070
000600500325809710860001000984030000603190004201470600090514060100700090536900401
007002938310080507502090014058000093200048000091500862000000179926014385000030000
000902040416587002200043000600405038100070000503800000852094003047031685060058900
960400010154927000007001094841700002706000403500804000000306728600070940279048000
700860925002000060010002847300008076007020009804719532090080050235107608670000000
007100862080406000600090001070240610400601038090000720260000509319785200704960100
903720040000608900700050000500100420410090083239087000604302000390864005070019364
000104903802903040030058061003217000001006004270049130000680392020090070600072015
061702300935408070704090801000000093678020015003005020000060000307089062016200984
692007300570032960100009027000290000489700002000810409006301048734000605020500790
017040000005700080000089510003600148000854009480107605058903000041008960796001850
502709306010268000000304000130005908020100530050936201705602100003001690800500027
720004000080500490105000083917450800008009730400078519090700106001000975572090040
073028510004006092006900800300084000240305709068709003002600130639000000015032904
100007062402000089060009017006570041210400890584900670005100720300000150701820006
900300075302070104078041009100400908740809521609000040006090000097020056001058097
902005748408206015503700060000020074204650100030000056020073500057860401000002037
950000010162970058400080002870029006604050900309860420540000001006205803280300070
709600425058940713204000600865070030000580960900026508090060850580090204100000000
829300700005098030000000298683057401904860305007000009060100907498000603300689000
004675130000428000000019204915046783087000060600007005070004309000090506409060871
250680013130570008009000507000010000092740830410005076701000384328407000905100060
000780291701250640000609730040300010072160050108042006500906080060001009089405060
080093761590000283061807004800000312002040059930152007170000006020060030050030078
001289043020760018006105270218000350094020701000013904400008100687000032050000800
004090001600340095598001070062085703003016200000000468000154900350009047409673000
100204069004806037090001400318020045400100002259460070931008056705012900000009000
098024007720000340450038192005081000070450061014970580000040006900807020107060009
910704000070002000300800907724100005050070194060040078230400800600013429400620713
009023400006059208005084910030001650000046007700830100010060709050498020908317500
504200009607800000090040070000160005160420307042070016000000601256304798081956030
070800096060000830839007054700384910103500070908702305604200500300460000007030640
017000493039175020628000705106030040894000030073694081000000050000000364305082100
900600058020970000040008700003509142409002673600047509290800060000426905100703020
