300405008009070360010000900294700000670509014001003090145600030060938400000054600
900046200005000009210789000009600005000095407054070603020050078307800150000407902
003015094001070003068390100300409067900008005800030901250903700080502300000040050
053090160000004839009600000176000040028040517905170002000052490000417300010000200
901046000302801965008000000000030010409100300200487590796300208104200700025000000
060870400509006000710000689038050000190260347007030068400702010020600000800510900
403098107070046000510000800605400000130685902024310008091800000002700400006002700
673900800500084060284070000908050602302760010000001085730802900040600020000040030
002007690009641003060209751401070360080400900700965100000000070200500000100024809
000106289008000000961285000497800010032060908106090527000027063700040000600500000
000070016003861000120394070571980640080000003600245000000008409000400800094630100
519002000030010029047006500008340160000901080000278095023109050091700000780000030
400009020200010680580460007008603002324051000017008005095000000042936000003507400
000706200030090480040300000309620140062500890000800360020900008610400903090052604
076001003002003106000648205000970008000536000600012954009020307008060010403107000
980200067000006429020000815806704000700602534000300000050128670000500940007040008
020045100940000008605000400306050840580030700104000360708524013019000000000980206
009710604050006090468000030000100009006972080900000060204007006005200947017690305
020309580068250700003801090154028900007400002000000107005940008809000020430100600
010207065876003219000900804007040003300006700020079186650130007700008000040700000
014729650700000000000068000962857410070003005030612079040090000607000100003276000
080000200605870000409050100200060054160005030000327601050203080804000503302004906
067831200080504000410026850020680900970005062630200100006000004300000500050003706
090076010140000680706083042009000006000000009800020401934200508502300100081700093
089045000040600009070000005006904270205708600000000050000430007360580012028106593
069001002040000901100095000080130475500402008010080003026004800057013200801020004
190003007080417926460500000600280001870004200240000093010900074000700000720148000
081050047046092000000070620000000710167020090409000306310000000604235009095104003
327000000006700820000009073201084030040023060539600000150402006970008350602000007
540000603000043051000050080050021360760039020034000700320814096009070000400062100
000100409190527630300804250501000020078005190900070503002610347003000002000040000
601000900502000180003219650029060000046790200010030000150027806900641000067000040
079002050001040300500076109008003562002000900006257000040069015085734090090020000
070003018000001400200600090900000000758036021640059080096005807300014056020007039
020500904810070200450063000004020000008396400000400706300042817700150302002037000
001030600700069401000020000605000000000052004800010705428790006050306042036205987
000004080032508000008900000023041900700290840009630001097382104000000037301006290
890020710600037008027000000900406152005018460400095030080600291050009000160040000
080670003000589400400000860007008056035067000964135200013090004000002039092000600
080403000603108700010005000702801060300957140000026080926000010800500070071602003
102500807530208961086410000600000108800002050200186090008005203007004000300001080
025080000010247000670000000900428071000073908700509320801902003590004802260000000
370250104500617009800400020480003006097000008653000001028040000100005900930070042
291504800805001030364080000712000009000000020900047063420008050030000690009100742
000300000090000460401007030908601004710004609605000213809002346006090100104005090
003070640607800000580106007030590826020001073070362400008200901300000205002009000
815300000207801009600057401070502060500940700396008005000600834000000070402070006
405206071000050840028491000000010620609804000100003080200070406806002030500600208
000000100027650000000830290805312076070500900041007500359076010000000639000190052
841300705206045013300000900002008401100000290003002006020600104000004050430150620
000000956000009031095000700061008002970300500208010469700480103800153020100607000
621007090075000162003026500092070306500060040036405000000050600150608720060009000
051036009020009467090072000072008910300205046000067028000900000139004800004001090
109003204030004096207009030580900060004038000721050380008007602010800050000045008
000000400504162000630007500000006089180075034000094175840029000010000026200631700
000040058409083106000090070000860304604005700002100060200310009100059007306427080
000450300296300010345029076008640007431000608760000004004508000009002003500900001
005004200000002840024735000702401300080306090040500000000050009107200560056049783
000090300090301004705002080026817005080063701570000806200080940060074000107900200
317080500080700306500009000050800000708000000031946070109574638000301002000098057
900300805060005010358410607004800509520007008800590200090000080000149703003050001
000000421062700059050000070105200004803009260600800035514002090900510042000408500
500018000000050872800709010060137920738920040090080057000500001050000060914000085
000817050034000760007040001003008607070002840806030200408970106000026000360184000
800276093020008570907050020060080057742900080005600000473069802000030400090000700
800100900003507040005390700610259080900000500700006401370081600080003004401600830
006075029005009817100000406520093704040000000060048001010080500000007692973200100
307104605106000000020008071800002056610000004704861903500207040003900000008005067
000010760010063002028709005001086900974102000500000231000698000309000007860350100
030010294005007060691432800173004928050270600000003500306908000700000000020000309
600009003020000901000542060810007590300028014090000300005201430009005000180794025
230007650500236140601580000090000070000970026700403090047802015160700004000000060
007940100000165200000207048009021000005083491103000800010302089908070010300010500
012506047504100000390280010208000051601000792459720008700002500006003200000600000
060030900038560007005870004576920400010080370380407000050000702190706800000002001
080500407500170003704890560010025306200080000050016020300600908001000005805000642
040100250607000080302806701724000800500410927080700004001050000073080060200309040
300690000100030902240080730590001027020053000001400089900340000812076000050009608
007100820000023714000067095320000009010050073670302040060500030042000087003206050
020900407097040180814760005032010500000075000156000003080007600560038004000054030
009730120400091003010026005100209500008053201000004308542007010901000700070900002
943010086600002000027046000002475000400000053080030420350984760000000030098203500
306070800701600500580230010200051409030906008964028130000000020490500000000403700
000501060170028050008403002030200005280005073750349000010000506045002700092700001
345600210107040000000002300030020070000463100010987403680000090070830506009206001
478006001109500072502010980320070090051000007000080500210040000047200030903650004
420130000018090700005407183700000230801059406046010000900070300000062890000940600
070600000005803710860710500400006090020400030708192040007004001906200053340061000
906573002700060000534001000079050004460800000250049300005100600040625098007430000
200007005005080197000040000050032876000006500406008009520301000003924750719005020
000050204700001905524809007260790800071000600000016029000038012006940000032070006
400790050060400000072000600054900000807060090301800706200109047509004368708000012
600007031400000020000125469850792006003010005704503900170004003008300050006200004
000306000600574900007100864006040080000060347410000620070610000001007295090820106
198300020005002068236070000064800000507609000301500000800064930070005480410003002
208010030350000070000080050049031025107009008020870910700090060000260581082003007
000080130070000800003000604001090000985000360020031070310609205209358000060214083
679020000001576004800000007500139700090000050003005800310402608046080021000650490
030000090058070000006902800060539004080604930490020000001290078800300520005807410
040001056962075001570060023803000100000002040400196300780003200000004890050280030
