100000000070009350023600140805000062307020000402000590758000900900803010001000070
100002580300000291045900006400039800000000010000560300050086020030007008008290005
030450902900000010080100400243900600500000030860000024010006305300007140006030000
049800007002900100000100002200680070006500841070010520050030060004000203600000708
000009104600000028520800009902071000010006052000000090000908007090620835070030006
026409000904032000730000200200500104060014070100078500800096400602000008001000000
206000849091006053700030000005200000080040190009010508960000010010000007008070905
000009407040510000050000300032800000001790003400000080000206030003900801065107294
900807000000200001000006040000000009000730082420108700002905000080420007549601028
500309600406000000978006010001400006304900500700000100000030067000690430093070002
030700410800006095000400073020003007300621500190050000089000001000500900405100020
009200000020050000008397402002069000010000000084100637000916270700800506000000140
010060003090000007300092000906804000001200700007003650000031000120087090740009305
604201000050400108791300000400000009006000500500070021920500003060002900000030672
100009500000047800709205000210093000005162000000504920400000060020400108001000230
402001905080000000590420068900100000024050009070002000000604700708200006060900041
000090300000402180004600900158064000000800056740020800060140000083000090200709003
032100400000092000901000068400023050000000001308605040600200100100037004200001039
050074060020050009097002004010700090000021030004098000700009680062030000048200010
082400000000000520506000008860000090013040076000208001308702900600900000907600083
000000100200100659300956002006703900034000000905020001000069507400000000060310890
580120070000050040600038000207041009060000051000095300700589004000000030004060705
600100004520006073304097000100708026000300009200010000700009208060040057800005000
000715020000000051013208007107000036480100000306000084000800009000090800908370500
806000030301000804000608050780500006504100080100004500009000070205070300670310000
005004180300600000009000047040010000816300902090076004702060000000000238000029706
904100800700350000001024090000000500000900004100000076600098305470063002508400700
301004005097815000000060902010000083000490007870030000409700600000203740700000020
000010324010600087045070000090065010002700060530200009069000050000950030800006002
009052010050040900004000800201064070000280046046700080000006000000028030368410000
823007060060000300059300740000200000900080057038600000000009004301700608470020090
040010050000003780030605900300507004400200006209004005073940008000071060001050000
080000306079000020050040090340001000800290000920005060430500200760000531098000600
000050000076082100100073000083000501450000000709000000000731605061040003000269408
009740000050100400460503900804000000005000674076290803008000260000005040003800090
300810000564009070080000300700004890090003462000000035070032510030400000200080900
020000030094000016856000200500370000109080000030050002000001600265738009010400003
070063090059000400260594800003080709000402058000005201102000600080010000004000070
360210000080407000405030900800100020000090804002700090030028016900060000150070200
000000840046708000008420065013800006000092000009301000054070000032000090607230008
045000027807000010000000900000790000200130600503468009920300708000070002064000053
005020001072604003643980002000000249504000000000008300007002000006007004420310500
600207010020104970000509000856901000070000005000800090003006050000090841501000037
009200001000003570700000094000080000490320100030501987000408000080012700341050000
400109003050302010006507000009000200030004650005600901000430000004000020073291040
054080000897030010003000002000700051000593000360004700000840060040050007076001490
090500028108000030030900040040200000200703000087100053703400500000006700421000360
094600000070302509001000004030108000968070000002006708500000007600830020007064900
305040000009000001000908070000000407830504000140867003600000000724350068090001004
050032170030078000001095030100040050070060802680057009003020400060000000000700280
000005406908000705030076090490000003700062004006100002040700300810004000200000148
010745060806200005000008030600417053000000000740603080000000001081000307300070590
000008026036102000000460100005000060600007091001006500004900010308201000100670083
300000006004002190050006040000001800100000700000700005413207968005019073078003000
001824700000607090700190800900530001000000680064780032010008007050000000209000006
500000706000003410040986300030705000078009005004000270000000094409251000360090000
001400009000650000005010280060079048010000027074000900407021000056000800320000015
840590000903000014760002000030000500000306120008029046600008001370005800100060000
000503000000092863002400007097041000080020000041850300006000074124700050008010000
002500003800100040047302000080070630700038090000200407005000170408700005001009800
008491500007820040010503002000009700006000004503000026080035069204900000000610000
600003041001508703083000002008000906000090014269040300300004127000005000000007005
001000359005013072423009006000000800506400007080006030004025693902000000000070000
096150000050870900340600005010560070763008000080000009008090400000200003600410700
000610320600000958030009100043580690000402000090070000000900000000160702710200460
800300000009001600067000040605000020270000003180209465000000076908000500056800904
000012370200065000000400500009208045740000098021009030000080006650907000000004703
010503007000064035300090060001000050009345080060009700000000000986207500007080620
400106030000000490100080000040592070007360040900000603200603007700009006061070004
000302010003006290705100000500003680076890103000600070960000052008000000200901060
005067080010000004008021000174600300060040000000003000537104002409000503081300040
056170000301450200000080700030064800060008032005000641017040020000000070023600000
000700000000045000085290300108070900004039008003000752001956000000410089430000500
600003940500064070470290506309005000050316000008000000900600004000040207100500080
930002000000100000700008000059060004000900706020000010093821600004673052076009300
001400708340009120005001306703040000009800210080000003030700080200906030010000002
000050070005074098000308020090000700053097040000400056084009037730000009009040010
700000300090050602000004000209510003003008905080003060020109000634005170010607000
094106000000504900000008046407000132900000005000700000008050009326840001010007304
000000020028003690000000001513000040804509307090100500600075000900300068700000159
019702000300165080000030000571380000004000810030690000900070341000503600100009000
000809302100034050600017000000081007850070690070900001002000005400000900790105200
030091840400000000080000700300000219071009000890026007000300090100000004060714382
350840000601002800800000900073690000400007000916405300502000010030050002008001050
008062900000800610049030000006500002095280300087010490020000500004750000000603700
000702640021040000000000120008007036000000000109250074706830000053004080284900000
508109702009057600000000950302000000000000074010970800900701200001203000700008309
000005300104000800200001040370260180010037520820000073000500006001003000080026700
059000801401080000700103059812009060000010030000604000007400008100000720905030004
095000004678004250300090000007000000200980030800327000069010000700000100020568073
020600003000402058043180692760021000000079001015000087450000300000000100000014000
200000046050000087003700910004007000000349020010000004076421030409000501100900002
100052007040780000000640085050003908037004002000200000014000000078006539000800120
000004000070000000000810004180060597900100006600007208006490003800321605052000100
461009758800000003000007100200000075700002604000008000023080000000605902097000861
036209851000000007000001490507000000090040600600500718000927003004103009000005100
050000890010090000003602070075100000128047300009030000000001000682970051001000920
080039000906020580307000000034060009060000050090000230009050702020700690000190308
608001000034009008020300000090000502001092307043060091400100980000080600075000100
605008003120607000008300009200045036009000001000139080002900000080000695014070000
