003010008001200700902000400500300000006100000007040006030000080109037200000680001
000000000070306095050200103730600000092000500008420000800000009000870001920000006
300200000000004283000900000540030600000409001700000400030000100000067059080390700
000000300089200500450100006703090260090080040020060030060004000901800000200000000
000000000009004050010008602651000900000000000040093070074080010026000790008002003
003000000000090060780065001091870000000000002300910000000000500042089003638000007
400007600003200800000090400051000000080300700690810005002900060008000900010000507
300080190009050004004000300000800000100502900630010007000060801801000003050000700
030607100000000230010000800000370000008020501741080000504010000000200000020709004
597410000000000900603000040050000100309065000000000003000042080100003060020070014
091000000400070000000089007074028600082500700609004800000401005000000009000000304
009001305700000000035064070006453000400000900000000080200107003000000000004028190
001000000309500000420069500000004870040300600700200040000003750000600390290000000
007500023020000040000800900091002700005600000000000039040001300368050007002080000
050060090200000000060007001002381050030700020005900000078009040100003000000050012
200060008060050070000300004900704800080000103000500700004209605520000000010000080
400000000700804000035010004020000007050200030001080062040000750067000100000005093
000920000083000000270500008120300090000000830000006207040050600002000070705031000
800105090097468000001000000010000970300500006000083000000000058065001040009004000
000902305002006000090040002000030000000001700800400010030004280500100076970000001
100000025000407060007000300002000009903000470806003000000100003000080040004709608
003600000090003000520010000005290800870004690000000005000060007000305019700400080
087010000000002000200093004000200001862900300000007009008000900059000067070100400
530001000000600004206005010000090080300006040005780060004030600710000000620000900
003010090040500000000402360039050007260070000000061000000020000008000031690003004
091050000605030000400010000000200008060000014728000600000700100300640007800001005
050361400000709006094000000000057000000000759001400800000900001100580000720010000
001009007009002100000063005973050200004020060000000750000004000030080000090700803
070004050001705003058020000002007009700060001604900002000600030000080004010000090
010300900580010000200070000006243100070090200000008000090080040700600030800900007
000008000400060200006002904701920040040000010200080700050006000070430009000001630
005700100102008060008510300000930000000620010604087000000800000200000035070000008
056090204308000007007200103210803900000000000000501000000009520400000000000005069
002000300080005060006720000008030000070006000040900010800097030500600047700800100
000200560060043000200001030700060005809000000010920403020007000000000001078002040
800700000000000950076130800001827000080000000300005000008006240009500003720000090
031690200002700300080000006390040780000000100000000004000010000109080057040070060
806500009030807200000490008590070800100300500000050007040900060000060000000001070
000000900000000060079340000094000000300068200800400130015000040000029806680004000
106050040500000060900000021000030010004009000200406000009500074000810950300200000
142000000000008050870190002001087500008301000000000801010900000007050000060000340
000034000900075000508000000830000054074000003090000000000100047300002008400760920
002100008804009030000600010200000700009000102040800000320008600760030090008070000
090008040000002006040600901020000008000007300500400007300009000200710605070050010
006200010205901000010000080000300008802060005000040790300058400600007009007000000
040003050080006900610700000000000000403259000000008703000060820000905607060001000
000000321000000008006091000000016090050000000068000074400059086070000050300062009
080300900005700000400900800650000409240809000000003005020400000000000170308001020
000000013000720900009030000806950307000063004300100006000000042003000050060209000
080159000000800000006020570000900000040035000500007001190000080360000407002600090
980500000300002500002063100020004930700018000000900000230000000000000356100050070
350000080089010065070090002090000816200000000001600000000030020000409038000005007
200600000081007050000004000030800609096000500004000000640090020052700901009000800
000050062000028900030409000000004305902000008000000000400006070006290030070043050
100056000758010000900400000080007304500000690000060082000700009000109230004000001
360002800900008032008903010020095403001000700500000000000700004000000190130000000
003190000000007083000000100520300040000015060007009001090001200018000530000408000
300900200020705400001026050190360000004000100650070009017000000000040000900000040
000000100031040090520008003000000002000600400780020930047010800908060000300400000
000080090002005000596000000003050600400032800060100000004807105205001004010000080
408001006060000003000040080000004000090050001000180340040000000380006920205310000
080051020050400090000308000093000006002070051500000900000000800700680100030004700
084030002700000000012000070000040890030706000008000030000100009000003610060294008
010405600000600000080090003859020000000000206700300100100834009000007830000000005
094006000000000007600840093003000000560000080800009024032000070000050400056190000
900006130300520007801700400000000200000800000605000080730005000400607020090040000
079001008020000507100503040000000070007009130000280000002905000000100024040000003
000002080000603041000010700290000000016000005003701008000507000800000650502000073
000200610006805904010060000500000070002007000000000830073000082000500001004020703
000950060000100470040000005803000007000000800007080900709003200510870000000090710
400001000972030000050700002000023005600008000005406070008050106000000090109800007
000058709000309000006040050500000102000000060000190534900400000204000070850000006
800006490000000008901820000420000067000000809000030100700000080600500904000908600
006001030000900000104760000000605000700809100092000008009008200820030060307000000
000009001000021090089436070005000129000090000010000650000070046350000000400800000
600003000080690005500000100120000040000000090030006012097068000006031970000009000
006007905907000200000000000079005000400700020000193700130500600082000090000006002
200000006300100700000245001090000875000900000706000203000700080000090400072401000
543000060000020070000009100100003000200900000065010000000281006001050090684000200
050003000103000000070006000490008007000940080700030064005000008000560040960800005
063000400042097800010000006000006908170480060000000000000300047000000000094200605
030000060102300005500074200300050800000042500800000001008027000050080004003060000
000007002006005140000000800035720000009054010400930000040108090600000003070040000
007000003040000170000050000059812400180040700004300000500000000000021009006009082
200060000104700028000200004830000007600300100420500000000007500790020003000090400
207000060800030425000400700000070080000500000000003904102060300400008001309004000
600020000009000000570003400000006000000507008060890203090050010100000370304700800
020600047000000008040807091080000000016000003007003060805090000230080000000061300
000720003600805070007009000005200007790000001402500080000400000083000000900007012
001400275790005410000000000300000708000008900900040000630900007000200300500084000
060000001405000380000406002050090000300008407000001020000073010090050708000020050
004506300000020000830470600000007000046000703018900000000003070080060204000005010
100070009740060008090010500000305700020006000400009806001000032087401000000000000
000005040004080500800109070063000005000000030200000001305020004700900300028007009
600008030004070205010900000020003010790000000003000960005160020000040000900080450
000070000100003500006041020000200305083010279900000040000000000000300814002800050
090160008130000600000009001013580000087300004000000030958046000060000000000005007
103800000009047000800000001000000709000080010070360520020600050000905000080470600
004006029500000000020078506000000000000507400003060105409002008080030000060000014
250004600060020400000051020000000000007203089600000230000700503900000040086000007
