532967148060451329904382657123698475695274831480135296051723964346519782279846513
519867342473925861826314975967542138258631794301708526180479653735086419604153287
613840927785692431294137560469581370358724196107963845846219753972358614531476089
619357842542981603378246950187429536953678104264513789021865397830794215795132468
160457938594138627783692415325879146948516273617240589856724391209360854431905762
502971834943685102718423695671549283835760410429138756386257941154896327297014568
197543206826791043354682197613479852982315674705826310261954038579238461438167925
580347291194502873237189654719425386825631947463978512052704138371856429948203765
824390156517846932396521487239468571481759263765102849153274698678910024942083715
072943850986720134435816297514239768620457903397168542751384629249671385863592471
924763158516849237783215964802157643375694821601382795139470582260538419458921076
768951324912436857340728916451203798639817542827049631296175483180694275574382069
094083567173256489685749312536821794847395126921467850409678231362514978710932645
843970612126384597975160843230648175584791326761523489458037961392016754617459238
614285397003971648897306521348529176179863452256714839961452783482130965035698214
410589732025401986897236145142658379578943201639127458284715693763892510951364827
687935104052714386314286579875623941239801765146597038561470893428359617793168452
918457602726810594534269871492378156361920487875146329683791245107582903259634718
960000000587000000320000000000254000000816000000003000000000059000000861000000734
654938172327561849819472356586214793930785614471396528060159430143627085795843261
542976381693218574781543009164739852978452136320681947459860213836124795217095468
629058173314627958508139264743201895981574326265983417032715649107846532456392781
502169348349802706681437952234506187157348269896271534418720695923685471765914823
573428609649315870281976430728591346056284791914763058892137564135642987467859123
924683715751249683830751942569428371243067598178935426697512034482376159310804267
837540169921736804546918273769154302254389016318067945182695437693471528475823691
619237548237854016845619732496782153521346879378005264184973625763528491952460380
672458931095361247143972658587146329269837415431529806710683502958214063326795184
279164358658973421134852796523786149867491235940235087410629873382517964796340510
928714356603982147741563920894357061267491835315826794409135680582679413136248579
314950672298067534560034819436571298185492763972386145623819457851743926749625081
452901378196837425783452196874196053039278614261543780617385942345729861908614537
682417953753892146149365872910206534864039721235174689308641295591723468426058317
246789153985312740103650928539148672721965384864273019358497261412036897697821435
625849371839750264470326589192587643563914728748632095256198037907463852384275916
241359867863714952057268413796520348028436579504087621375692184682143795419875236
194573862586429371237186549749630128312897456658214907425961783071352694060748215
027638941461279835893540672756392184240715369319486257034107598972853416185964723
865937241237145689914682573752391804180264795496508132328719456641853907579426308
137856940849231670526794381983102457451973826672485103265349718308517264714628539
157324689930518027824796135501682370278143956640957812489235761712869543365471298
987621453320859167651734982416295738839176245275483691100347029793560814542918376
563279814194836275872005963918524736705681429246790581457168392689352147321947608
478216539061397284230548617953684102682175493714932065395821746846059321127463958
870546912206719408149238657927853146631492875584671309318927564765184293492365701
162485930045639218389721645524193086837256194916847352653974801291568473478312560
862417530539068471741935862386129754154783296927546318298351647615870923073692180
684532719597641328231798645759064183148375902320819457415927830873456091962183574
198023657375018492462597318641739285729854163583162749854376921217945030930281574
546391728713268954890054603329175486185649237467823091678932145951487362234516809
042186397617943528893527401238419056476358912951762803165874239084291675729635184
308796245526341897790852061632514789157983624480627513041235976965478132273169458
807126539261359078935847612378491265514762893629538147752914386186273904093605721
687915240953240671241367985460573812138629754572084396814032569396851427725496138
709640823348927156162385940435278619216539478897164235571496300624853791983712564
914325678273846591586791234732458069469173825851962347645289710108630452327504986
807935146641028539953146287412359678568472391739081425180293754275864913394517062
491263857002714936367958421718539642256041093943672185625497318174085269839126574
168952473394718562257643819840376951709521648615409327973165284486297130521830796
973824160142536978685179243859267314426018597307495682590643721731982456264701839
957864132163592874842713569625489713418637925379251486204906300536148290791325648
845912367329786100617340928530674891091528673768193542973461285254839716186257439
946215387378946512215783964123057896050109423694328751761894235539072148482531679
079126854468957132215384967134769285856243719792815346947538021681402573023671408
871693245245781369693042817569128473134907602028436951357869124916204538482315796
896347215543218709127569834312854976754691308689732501231480697468973152975126403
428100597953247168710850432842531976571986324369472851684795213130624789297318645
405678032683492157792350468356289741941760283827143695139526874578914320264837519
978632415645971230132504769563248197094157326720396584019465873486723951357819642
126509784598674312374182965967348251852791436413265079235907048681423597749056123
192704368047328091538691247981246735756139824304875619279513486815462973463987102
613729548985064217274158639837942156452601983106583472569037821321895704748216395
821736459754291836693054271209510764516087923347962518938125607465379182172648395
943126578275984361168537920729865413816743259534219607682391740407658132351472806
785942361493816527126735948671359482358270196249681753932467805814020679567198204
483502167605741839901836425142059786397628541568417392019274653736985214254163978
128735964650984321490612875765321489382479516914568732571293648009146257206857193
613408275274651983089732641438076519965143027721985436892517364357864102146329758
461287395092514768857309124129835647546791283783426950634150879915678032278943516
758391426946570831231864975614759382573218694829436107497623510182945763360187209
297386541085912760631754289718435026564829317329167854876243195143598070952671438
834627591572981436196453027249518073385796214761234985920365148458179362613840709
756341928392856174401927056839275641165403792247619835678532410923104587514798263
871920546962845173435017289349261857718594362256378914627109435504730691193456728
503280974218749356794365210140937682386452791972806543637194825821573469459628137
169243587273985146584107293391870652456312879728659314907526438042730965635498721
195623784643798150827105396356871249281450637479362510512986473934210865768534921
341789562275164389689350407738421695596873124412695870157936248963240751824510936
169472853308596172527138964085649731934751286716283549491867325673925010852314690
594103862167928435328645917049012583812356794753489126435291678271860359986507241
042657893396128475785943160954736281621489357837510946269374518570291604413865729
987253641034679258526480937243168579815794326679532814451920783798045162360817495
090000000780000000316000000000357000000624000000089000000000431000000625000000970
037146598549387612106259743615932874420718956798465231970821365861573429352694087
735628140890157236126439875283915764659784321471362958342591687518206493967800512
916054378724398561805107902679582134352941786401736295547619823263875419198423657
346827915895304276127569843008972451712456389459138627061743598584691730973285164
623187954548926710791345286986502147354791862217864539469218375130609428872450691
521069347340217856780345291695781432412693785873520169158932674934176508267458913
186037594090614278472958360859361742721495836643782915914523687538176029267849153
