500008000600500004410020009102000000000700910000005030040100000708063100200000800
000008072301900000250000009006050010000000005040820000070000001000060700095700040
002000400007000009005036201060075000000000600000100903070080004000000850903000000
000906000007008000400000059000607100000000004000201080040090605702000000003700200
800005000000040501600090000060000090001804007023000010006020930007006080000300000
000600059920000000005020000004030008080207030070000001000008000130006000060000374
039000100405001000000007900207000000061705020000000000050064003002090760000000000
000500901005017004002009700000003100000042093201090800000600019306400000000000400
400005080000100007090070304000084000000007036000300050200000000087609000003000001
900021003000009000000304001206500000001400000000830050070000200500000940340200000
007008030009000810040900000000005000000400120102000008576009000000070002300100900
000078900000309004007000008906403010020800000100000000500000120000600000681900400
105300740200006080040000000070009008004000200032700001401200000008003000000008000
070860000209000100080009000000030009008900005040670280000000003020006040090080020
000050600900700014000000700040095006000000070006410050567002000300009000001000062
000850702008070000000900000080520109030000000000003624020000050170004008000000260
700004000001900005030020069000000090059040003000008000003007000007000041008001300
700500009000001000050020408000000100000030040389000020100900000820640300000000270
000000800050007300004803000000000040000198027260000000001900006040060090600040030
106008007007060500000000000200040080090000401600200050000000200003079008800000006
900400000001009000008706050000020400000007092400080006012000000090004037000002901
000830090000000745000450000702000300300002601060000000200000500049000006100080900
500020010800000000017504000930001000000000034000000700090405007070903600408002100
070094051080000000000300400000000000060041802001082504005000900009160000000000075
039504700200009040000001000000000034000016000105300900002003008700860000000000079
090630401150000003000000008000073000930106000060200070018000000006000280000000600
260070900080000102009006050300000000046900803000000000000600008070053000001800070
003080009000206000000005000000000260090104050070000800100300400002040003050060000
000100360087000000100270000070800040008034000050009001801600000000000000900040170
000000001070003000040020098006900003308504100900060000001000800000400050000005700
040006000016050000500000030050000306007905004008000071090100200000800000030020080
100700300009050000204800060000000000087090402490080700600000500002005008000170000
000089716020000005000001040070000008000000000008037004605070000004602500000050301
000600005004000008000300010300875004009004070500000003050907300020080000001000900
000600080900000710345000060020300000079000005060050070007500040000006201000800000
000048600060030090000009000040000010056000000013000780700506000000002050095070400
000000040200000105000573900580000007000800300000000020000160000064300280010009004
000000008200000000000914070003067100081000000075000800000000052040003000008601900
302000007010000020006803004000300000100000853008002910400100000091000000050004000
000000090050060103006009050005703000010500000230098000004000800000180020000030504
005006370038500400001904050000050003300007961010000700540060000020400000000000600
903040008020000000000059034000000100430000005250070600080200010000705400000000080
700009004010600000049000800000006750070090001000403000020100000006230190000005203
000000410020000005000365080040100000000000623300007100010000960086923000000000007
000000002980000006017060080020005000000100000000003190200370400005200031600050809
000060000300000716090000000089600040000007500005009361400050090070900002000008004
800000605000005094000300000010900700000804000057000060003000029004008003000200100
300000000108006350900007000504100002000030000000000017000000500001850060020001040
609000030020004005010000000000500003000803009790200000002008006840076000070020400
010070980700800104406000000000000020020400001007590003000010450000900000030005002
708000040004003200000000501805900000000000309000608000010060000000007006003801920
000000000320406500070200061009120700800605010000030000904000000000060003000017080
000060010000000048468100000050020000010000360800500000009800000236007004004000003
000000090001006000800900170000402306030107000020090000004700000090803000005000010
000000008097208500005000470609002380000080100001904000100700903000000200002300000
900600004007002350000090008760450000502906007090030000205000406000500000000000700
070201600060400390000003000040009000203100004000000000000000068190000500000054010
000600000008402000030000500000000804900000300050100600004000003500060100700098040
400510700300000000000400800000300010000000000709042000041009080070000069008706030
010402000000910260000003000800079000100000070070080050000000043006000900039004800
000000800457000000100206000010307069030000000600900020200000097000000000070080400
000700090004600002002003000028000400000006003057010000000000074010540809800000030
080000004000002067000400910600020080090074050045800006000901305900008600010200000
020900073058700100000000800002000019030000000900000302670009080003050006200006000
000305000004069100000000000750020310019000040000800020005001000003000000400002530
800000020000090405000027010000004090002000100040506002730600000000900300950000600
071600980009700000000590000200301600000000008084007500000003026003000005140000007
040030008007000600001009070030000706206000000580004000000090002020058000600200500
400700500060005040002001600103000008720040000000930000007020000000600000005000203
068000000000230700000010653020004007000720300010000000040000008001950030500000010
010000000730000050000400197900008000807012000000070806008060900000004060003720004
100900006090405001402007000000700493300000075007008000000309004050000900000000000
054000007000057200008000010400029003000008000003000005061000000007200000200490800
103800000900100024020000006490006700000004001000090003000000200030500000000000419
007029000009000815030080209002003900000000040050000000700502036000000100003670002
000805400000000090200300000040760001027010300095000060003601080010000000000030900
080076000096030000000001500060020980009000000043000002000010000070402108400008007
000700001064030005000080390001005007203600000798200000380020000000000000007000004
000268000609040000270900005087003060905000000000000309000000800000615900090000001
040007000700356420003000000030200009000900040008070000000000061900040500170060030
100020006070010380400600000080000070304050600009000050000900001007005000200070008
000000008005701009840000100001039002309040000028100003000260095900000060000000701
010700040008000009060050000000420000100000080023080105200000400000096030070000010
400010800160000072009063000000000063010800000000076040000005000600000000804031500
000408090080050002002007080060700000000000300015900000004210003000000500290000100
060400000000960247050002800900000010200000370005309000090000008008000060506008100
500000300040095006009006010970000003080000047000007000051009000000260084204000030
013000260500000000704050008005900020000040500670000049000309610060000070200800000
090104070000900000000007508800000004070005300020040000004000000006000209059700000
200003000000000071703500000147060000000000960030080000010000057000002000000950203
830060000450800090001000300000900007020000003000026500000305000002000008900007105
000000870008100000070003091000001000030002000090067253065000700940000000027030500
002430060000000000073020009050040902600090400000000003007200001000080594800050000
980000600000800000000270000073060840009003000000740120420000000000000001860010005
008006090050000031000000000020840000400020100000300900040050000000001008093070000
005070010020504000040002300084000021000700500090000006000005000000009730010800009
000070040000009651002000309030086000005007008890200010020040000410000000309000400
030004000060070000700050930001500706007000002004068500000400100006009003400000000
000600080037800042090000000170000000004080000820001039000073028000000060300000400
003000000000408070060090020000100600000000031520800000000079002086000509004000007
