050706090004010030060080000090000000000608000003005840000000300601000900030020705
004003062020004007009006080000630000400080590000040800000000700570000010000590640
070230008094000000800400005001027096008500000400001500009000010000000009002100000
400036007000201000007000000000020030005049200009500000080000062790000010030600005
305700000000400065000006700400060000900003000006580200002008039000094000090000010
000098400000001800075000900100004006000009000720800030002400000059000000000030082
300720000704006000000030100000560000025300006100070900000010300030000005500000278
305000000000000004000720000040006900008300100900080000002000009050801006106005043
420080050060002000700040900008007400057000060209300008000000070000200001010008690
080600000000000102000800094008010000160050000079403001020070000047000930000090700
400010070000000006000060182708001005005900004000086000009000020130040000080030090
009003008060090003008000010056010040004060000000002000000901050170000200090500076
100000300057300040000004005000006000070030900094070000000768023000090801005200000
630201000700000013000000200509300000000450600040020009100030008008000000000014027
000000000003000005058000020009200070820000400004001500000003010600900000190047208
060090080004000002050000700800200000000340820003060000080400301000601009090000200
700010560009020003060000008100007900002080650500090000400070000000350000300800040
006000305007000060540000007000000200180004090090002000000058004450090130300000000
000654030000020601000000009009000000035002700070400900900005400001080060056003000
050080000100900000000002410000000700800401006001090004075030000030200000900004503
000070000100000480054000901040608720000023000000900060703090000090300000400017600
000500230209460000006000000100040000400000300030000790010032008000007001600010070
007040000000010289030008000079100000800005400100000000050080700000600040700000520
600008000030460100900000400005000090000510304080209000000850000020000030051030000
000007100000052000430600020041090007900000431000008600002030010000009000180000002
007120603300000020000400507100643000000010400030009008040000800000050000016000702
000300040030000080400750003000600008000003026500002000013400092004010600608000100
000006040450000200008000300320010050600500400000000000007000005009630010000002009
100900450050004000090080007000000004012070000008200900800000620049530001000090000
010000040000200310805000002300000020000400759040050000690020000000100070500000403
700000230500100040002000006000607000900800300001000920000003000005080704000060000
000000400090017500000000017860040000000009736070005000005800002000300050040100800
060000030092010000000200000406000800700308000300075002001040000900700010000000045
000903745003007000060000001470200000908050000000070000200009100001002690000008004
002700010000283600000100409600005000300000800020000134903000000040000900050300040
000040027020900003800006009200805070007600000000300000000500100090000000030008540
008004005000000000105802030000390000570046008000000021000010002004070600680000000
000001900000052070003600051000000009502008000009003406000020600020980000040000100
000900004107000000000005000870130060000800000600000005700400890004000000030002070
008034000074500000390080000060000008200840300000001000006470000000008074050010060
000109000000050260008602400080004300060800100000000000005000040040070090700093005
008002006390050000000300107007020300901000040200000005000705000060000009800063000
000000006040703000080040090000006531208030000000500000000000007071000400000102003
000090300003700064270006000020008000400050001000060830987400000000000040002000078
000670003012000500000920000090030004000060010601000000006700300005000001309000047
051000080000000000062900000008009060000020000900075200005300600010460820000000710
000000510680200003120300080000700000534006000000048000060107000000000600200800700
000002040070500800009010500040890600005000000300000780000009070006045302000000000
700043008349000050000005000000000005060008070008034100000006200800000000001700406
000000900004030070000060045591000004000000026070000000052700090800300200010900300
906000030000000500134000009003400060020380000090000870070030006000190000000000005
000062300700103500000000200408300100306950007000004000003091000001000059000000700
400700000090000408050003060028000000000100090079430100040070902000000016000010000
000300000540000700000005006900201000000500001000008540001006004070000063403000200
000000608170002050000406000020900003530000040000084002840090000902000006000000300
400000000650300400001000058000000000000624700005087940030000000000906100080010007
020003060000002004003400000000501038906000002080000000005769000000008490007000000
000000830070005960005000000300600040408070000000000307000000204000390050020007090
600002090003540010000030000205000000080000530030004608000000700000200040079006100
006000100078500040000090820000305608001009703000016200000800000090002000030000000
800301200003000000020508031089104600100000000040700800630000000005800104000072000
300000506000005000200079003001020900050000000040800010090700002020060070007004105
390000000150680000000500100049070000000000028080020009000006200003700540000800073
501090070002030080690400000009070000700003059080000160000000000045000000900200405
070080020026904130000000905005610000040000003700002510000820090600009000007000402
710800040000006800030200007000002000300000000004601390080900070050034000000000060
080904005040000000600000002000370000000609080920400000205000074700090350030000060
100000470000800120000000003008003000000780000052906030060070540000310000004000009
015000000000040000006000002300000089500670003000089000023500090050721800000000040
600703500041800307000000009004200105200005003050098700400000206070060000000300000
020006000190300060000800000000000000830000092942000003070100004000002509305007000
000001506000908300906200480807020000600000030020004000000182040070030000502400000
020000300000008000006013002090160070000000840100020000000030008900057020001000600
000000403000020080053000206090000800028005060035080700000072310001900000400000600
000000000000612073001780090067000002042100000000000500070000000020860900400030080
007006000000000029800000503000920040001050800200700090106075200000100060000009000
098000000400007060000821000003009072700680100000000006000054700800000090070900204
000027003030080490860000207600000000050000906008009000900000800300900564000706000
004000000050604009090300002008009000002003000500070603400900306060108025000000007
100007600500090000000500030000100000037620000006000824002040390075000000000002000
034960000010000040500100000800030016100800900000000000005480079000020000006005830
000000097200150000309000200000010000801705006070030810000000003006200740708600100
002000009000000070083010005000000500000570203000406090000030100700020004001965000
050401000020600000700000001030000260007006309100002800070200900000000038000950006
050090300001030008200001000090000760104000000670800500506300080000750000000000002
000050400090073000008690000051820000083000600040700500000060205020000006900000071
000000007006008040002175000009000700020300000000721005850000090000000000000030402
908040000040100000032090400670000000000806009000310000010600900003900140700000080
000002070002051003007040000009005400403010805000900000300000010060000000100000907
000000260020050090006700300007000000200100430140090000000320008050640000000009720
630000720000050009870200000000103000002700005483000000000000900206000040000500807
208009000600070000000860204105000040470000301000200500003608000006000000007000490
006070080480009002200001500030000450000003000000040008000300800900000070600280090
000080300000400000072000604700000030005726008080000059300108072000000000090004010
043050010006003800000000005004000000200001000000709020400000507600100040090207080
000401000000000304500003098800000700007168030109002000008040010600000900010000500
000000000000607001000000385400000000000004170091730850600000000005900020037800900
006375001000000000005000009008060000351008000400900800000000010040600003020050406
050080600000009000070260030000100090190000700805040100000000005002500010049020003
007010004001004706320005090000500009000932007705000000000000000600090300100060008
