080000003000000000000000900070400000000000000000008007300000000200003000000900000
050000000004000000000030400040000001000600008000000000090000100003000000000000000
000004026900005003000000050000000000000072060000000000000000000000000000000000500
081002000000900800000000000000000000002500000000000200000000000306005000000000000
000290800080000000900000000000000000000000510000401000000010000000000000000600000
070600501000000000000000000080003000000000000040000000000205000000806000000000000
000000000000000000000060000000000007000005000300000805700200000005000000002006000
009000000030000000000000000000059000000100070001000000000000000900000180005000000
000000700003000800050000000008000030000003000300000009600000000000000000000000050
000080000000000008800000000710003000000000040000000000400000000000060000150000000
700000000000000030309200007900000040000000020000000000000000090000000000000010000
000000000000000020000000900000800000203000000800000000002000090000008010000000800
000700000000000000000000007000030000000000000000000650009400000000000040000900570
008002000000000090004109000500060000000000000000000000002000070080000000000000000
050000000100000020003008000000000000000000000007036000000000000009000008000300000
080000000000104000000200130040000000000000000000000800200005000000000000000000080
090000002000062000000090000000000000000000400700000008050000000000000000000050003
030020060002000004000000000000007000000000000420090000000050000000900000000000000
000090000000000400400000000000007090000009000070000004050000000000010000000004000
000000000000070008010000000000000072000000001007000400000008000600004000000000000
040000000068000000000000000000300000000080700005020000001000000000000000004070000
700000000204000000050900004005000000000000008080009000000000000000000000000000400
000000000000000000430080000000000000000005600001000020000000000005000000004050002
000200000207000000006000005040000000700800000000000000070000900000004000000000000
000040000010000000070100603000030800000000000000000500000000000006010000000000000
000000000000000030600000000000000000700009000000005000000000009500090008000060070
002800050000000007870000000000000000006000009000000000000000000500000900000000002
000000700081000000000400000000000050000000000000000074000500000000000500000690000
000800000000700000000000007000000800000300000000000300004000000000000439000000500
000000009000002000001700040000000000070000000000500000030000000000000604000000007
000400000000000000700200000040000000090300000000090030000007000070000020000000000
000000000300010000000000000005000001030086000000000000000000000000000002040090008
000000002004070000000000000007000000003000000000000000090000001005000000000400980
000000000000000000000000802000907000005000004070000000000000009000004000009000080
040000070000000000000000000002900000000000000800020004000600002000000000020400000
000000000000040000000000140000000000240000600001800000000070800050000000000000000
000050032000000000100040000000000083000000000000000001000000050500000000300000000
001000000000090000009000000000600000000305200008000400000040000000000500000000000
000050000000400050030070040000080300000000000000000000200000090000000000004000000
000100000000000001000000000700200004300000009000001000007000000000000700000000003
000200000000000000000010000000000700000000000000003182000030000000500000000000320
000000000000000900008000000001200700400070009000900000060000000000000005000000000
000050000000000000000021000000560090050040000060000000000000000000035000000000000
005000000000000040000800000006080700000030100400000000000000000000000000350000000
000008200008000000000030060000000900000000000000000000003009000000700000000104000
089000000030000690760000000000000008000008000000000000000001000000000000000000004
000097800000000000080600000300001000000000003000000000000000000050009070000000000
000000000000000000050000090400700050000000000000000000000000000000200507507000040
000000040000000000000000002000030000040010000009008000400000800100080000000000000
600100000000400000010000406005000000060790000000000000000000000000000000000800000
000000020000400000000000030000000008001000070870000000090000000002001000000000000
008000050000009060000000000900000000000000000007000000040200000050006040000000000
000030000000006090000000000000000000000000000000001000430000020000000009000090073
060000100000000000000600000000000900519000000000000000000900010006000300000000000
500001000000000000000000000020007040001000000000000010706000000000005000800000000
000000100300900400050100000000000000000000002000000000000630000000000000004000600
000000070400000000030000000300000000600001000040000010000000000000000053000030000
000060000000000057700000080008000500005000300000000000000002000000000090000000000
080075900000000300000000052000007000000003000100000000000000000000000070000000000
000000000020000000700400000000000002000000000200500000100000700008000200000600000
020000000006008000000072000000000000040090100000000000000030000000000000107000000
000000005000000000000000000000000010000000050000070600000000000000300070405790000
007000002000090004000000100000000000500006000000000000000060000000000700000000091
020704900000000004000600000600007000000009000000000010000000000000000000000000100
000000000001000090000070000000000020280000000000000000000000030000307050000000010
000000000006007010000000000900000000000010024000000000000008000600000000000100400
090000000005030000300000100000000000800000000000000000000010000000000020040002001
000800000000000840000100000000000060000000000000000001000002008000007000000008020
020000700000507090800000000000000000000000000000000000000800020008009600000000000
000000000000000000000000005900800000000930050000020003000009000000200000000004000
000000003000000000000600700700009000000000000000008500000000000050000000087001000
000030040000000008000000006000000005000000000000000070000000460020000080080000000
004000000000000000003800000000000000000000000000030068400300000000500400000000300
000000000000090000000000000000600100000000000000008000000047000003050000040002010
000008000000000005000000008040000000000000002180009540000000000000000000000500000
000000503100000000000000000000000000000060000017093000000050000000600000000000800
000000000000200060000000080000080000000000004000000000020100000000007600060500000
000040800000030020000000000500000000000000000400090000000009000002000940000000000
000000000300000052000000000000000083003008000800000000000000000000100030000060000
080500000900600500000000000400000000000000000000700000000360000004000000000000009
000000000060100000000000000000200060000000000200000070000000002000003054080000000
000000000035000900000005000000001060000400300000000000000600000000000000000100600
700000000000000050000080024200000000000030000000000000000040003000000000000097000
100500002050040000070900010000000050000000000000000000500000000008000000000000000
000008500000200000000000300700100000006000000000000000060001000000000000000530000
000000600000000000000000050030200000100000000000000180000060001000020000000080000
000009070070001000002700000000000900500000000607000000000000000000000000400000000
062000009000001000009020000000090000000000000200000000000030000020000000040000000
000000000007080000000000000000000048700000009000000000036800000500000000000000050
000060000000000000000000001000000080500200070000000000000000000400006008000008600
000000010000000003000000000000000200000000000000030058000009000000000070005000401
003006000076000000400000000030000000000000200005000000000100000000000000009050000
000000007000000000000000000490000005000008000000000020060050000005800070000000000
000000000300000000700006000090000000000000200020000000000004130000000000200001000
000008000000100000400003000000000100000004000700310000000700000000000000000000040
000000000070000050004000000000000000010090030003070000000009000000060000000008000
000500090000000000004000008700008000000000000040000000000700000000050000030000010
000000000000000700070005000000000005300000020000000000009750000007090000000000000
060000000000020700000506004000000073600000000000600000000000000030000000000000000
000000010002100000000060070000000000000000000000300000040000000000000058630000000
