060900800000000030325000000642000300700000100001025400894500001000080004000001900
010000500407020900000080002000470000000000006000006807083700001020500000600300090
600000000317500020040060000701080009000000300000130800082043007000000200006700005
000000005008006040070301900002400007000008006500000800800100003006090010000080090
030010090000000142200000070901070000000059000000300000700090060002030800040805003
000803000207010060000600400065000020900000000008000970510007206006104700080900000
000000900000000004009040653600004005000970000080053109006000810210000000007015300
000005000000900000640207000080030010000000907903000206008060590010590070000000002
000502000000730802000000006021000009500040600079000000900600040060057000030000508
000100000400005002000000059060004100100020906000050000001060700240900000098000001
070080004005200010000600070000000942030008000007500086000031200054000000100860000
005020040000060010607000000000002000720018500000030107010090000800400000300500006
000000007040000000560380000037005906000004008600010000003700100020100080000000003
800000600007100030100700008709050100000603005056407000000000050000030019000906800
600200000002040019900050000000000000050000103000103620000906040285000060000020000
000003401009040008050000000006500000380020004000906005000100037200000090070000000
000000000000071009040000300000000536070003040000002800309100670800030000002960000
010000004000108000080567000006000400040000705005000009009800002400009007500200306
002000096000083200050700000105090000900070000000040030020830900480000100500200800
000106000290000000005007006503000200800000037000600000001030800400520000008000002
000401000007000000540900208000008005000006900050070000030090510000200600089000000
200000000000100009000070050700042900009000830001300007060703014400000000800001003
001000005805070060000080021000895400000017600502603700000000000046000100070006000
000070000006040030903000204005700043000500000608030100000000000000005692029100008
006000000042700000008051900000620000000030001020000309015000060000960207000000004
080090050000401000000000061910030806500010003000706000300085000009000032000070090
005004090060030470090007800003000002200070500006008700030000040600090000058100600
009800040060700030000006000002090005500000012070200400400000850700900000001008090
000050000900073081000000004035000602007000300800200090000701060380000000100009020
070600000000003001600210400006000500700000010043008000000765029900300000000000038
000008400015060070060497000000000067500083000640000300000029000000700030000001009
002700000049000050570200400090001000000004200000680903005000040936002000000106000
702000801000000050089000030007000200600000009000430500006080900003901020020005004
000020080004000007003095000009000008005001600400000200600004000000070003040980072
050041002000200090006000430140008003020090008700000050000003005000000017000900020
006004000001000007000700001060002000907000008400060000080000105020401900010006723
070008060003004700000090308004600000000039200708000000981006050200000006400000900
008003400600090000005001360050006040004000000702039000000000009000070086580300000
000040001600002000040700300300090060000000950001060020400000000900005600000200080
060000080751000003000015020003006000100700840006240000000004058802070100600000000
950000010000050098800000003000000004107980000000102000500270000013000600620001070
080600742400500060000080000001000000600000080800002054097000000003100009000090100
008030100006000003004105602000080040051070000002900010000859000600000000020000009
300010080001300009002608001040000000800070410020001000000032000070000300500000700
001350000000009000005010900000087020042000000700090001300008704150600000024000010
000000200013000407000000000001007090007000002900032050030600019600009070050040000
000009060608700102050038009000007000000006200700300054500000780002000500100050000
000000000306090052028030000000670500080059031090000060000027040040060097230000000
000000100000078493000040080007004006100020009690030000203000005064300000700001004
000000300000049070000200006069050700070000000000002850030004900001500068000060020
409060800020034000010000000700906020000500300960010000001000700006080015007005600
008700100300000400000504008230000007400008050080000000090001003500060002002030700
800700000900030020500900008020100300758000000000000064017063000000070000000480010
000000700010000309080490020000000007200860090507000012000250100003089000050000000
000070002800500006092000043000360000100002000080010500068040900000000200900105000
009010700000080290504000000060003007025000010000700080000000078000065004140002000
000050087000900030600002500090740000000000003258600070074506000300204010000003000
000060000501030046070090500010000208602000005009700003000080000000003000405920000
000057006000090800680000090000008600010500000900002007003100085007000200059000000
000040610000090800200807000406000000100203900090560000600030000009001000000600780
000000500620010800900200070000004000810703062260009003400000006008000040050000700
736000100000070000000408930280000000001000040095300000800719300000000860500000000
004000390060004100529600000000020000090700040700000850900015600000000400030060000
002600000000005000596180000000900300054000080200406509000000004009000630000010950
200038000000000160005001380009800040803074009040105600090000510100000000036000000
000009504002000000400000729004030000000005000950708061520801090300000018000000000
010803400000006050004500000000000700030005609001009002009000000100208000007430020
000600000000700500000001008000053901503000080600800000450020690020580007709000000
000000007001090054000800320029500000000000012014076900800902040600000000000005030
800000000040002601003076000200050000090780000000004930000400009000010200100009460
000105048000006000086002093710800400000000000060000000004609020000000500009500800
020601000003080000081040900030000005900004060000007300800030007000000892070006003
082000040300080009000045008003002000540000300100050000000090004000516200060008000
005300040000400050000600178200000000068000005000003620400028000602000900700050000
000000000261003005000080032720600000509000200000500070000100004900740008080020007
500060004009024050800000000130000000000000405000700083020100030000307506600000000
025000001000406000000900000700025930030000005098000004850304000900000400002080000
002008000030000046076000000000005060063020508004080900000900000801006005040001007
270000800005000000036092400010000020009060103000050000008040009940100300000007010
067305000051200040000000000070064008040000030200108000030000009000600025009700016
235008000000057043000100900000000502120000007003009000401090080000600000000005070
200504000000030000901002004005071090008609000000000300560090000700008600080000012
008900030009006000100204000000000060000701500000040200004500003090600000302000708
700030900950000860002000040010746050000000020000000000584000009000050084000003000
030004000002000000070000800018200046000000980009060005400030210007100000005098007
000100000780000090000007320401009005000302000096508070000200009009000700200071400
006000004090508000158000600080120000310000009000000040030000070000009001005601080
030000400800035020240180000504800060600000930008000000000010006000000310060079000
986000000000700000500320040400580600001004003300000008000060000000100000000000820
040080067308900200001500000000002008200000730000000005003006000009000800560000004
050702400920000000000040090000000008000209600038004200070060000005400800000028001
000020060400730500000090031500008000000060000012900003200040070605000100070000005
000200400800000009000050026630000000410002008000309600900003080060400005007900100
000602100400000020300009400070050300090080002100000079080000000039500008000200000
000006000135280400000500000000000060200040000308000001090003072000000600450100008
090600000000050006820700030000038000430000187000000050000024070000300005041005800
000204000630000000740050082300800900000000607079000410080300000006000100090002000
002500089609400000150000000000000100091030052000094000004010800000000720010270000
100020000000500003030010670500309000400000030800000057009700010000042006000030790
080071004170090003200000000000600700000000000054020006060047000400009002010008030
