000000000500000000000000000000000000000000000000000000000000000000000000000000000
000000000000000000000000030000000000000000000000000000000000000000000000000000000
000000000000000000000000000000000000000700000000000000000000000000000000000000000
000000000000000000000000000000000000000000000000000000000000000000000400000000000
000000000000000000000000000000004000000000000000000000000000000000000000000000000
000000000000000000000000000000000300000000000000000000000000000000000000000000000
000000000000000000000000000000000000000000000000000000000000000000000000006000000
000000000000000000000000000000000000000000000000000000000500000000000000000000000
000000000000000000000000000000000000000000000000000000000000004000000000000000000
000000000000000000000000000000000000007000000000000000000000000000000000000000000
000000000000000000000000000000000000000000000000000060000000000000000000000000000
000000000000000000008000000000000000000000000000000000000000000000000000000000000
000000000000000000000000000000000000000000000000000000200000000000000000000000000
000000000000000000000000000000000000000000000000000000040000000000000000000000000
000000000000000000000000000000000000000000000000000000000003000000000000000000000
000000000000000000000000000000000000000000000000009000000000000000000000000000000
000000000000000000000000000000050000000000000000000000000000000000000000000000000
000000000000000009000000000000000000000000000000000000000000000000000000000000000
001000000000000000000000000000000000000000000000000000000000000000000000000000000
000000000000070000000000000000000000000000000000000000000000000000000000000000000
000000000000000000000000000000000000000000000000000060000000000000000000000000000
000000000000000000000000000000000000000000000000900000000000000000000000000000000
050000000000000000000000000000000000000000000000000000000000000000000000000000000
000000000000000000000000000000000000000000000000000000000000005000000000000000000
000000000000000000000000000000000004000000000000000000000000000000000000000000000
000000000000000000000000000000000000000000000000000000700000000000000000000000000
000000000000000000000000000000000000000000000000000000000000100000000000000000000
000000000000000000000000000000000000000000000000000000000000000000000000080000000
000000000000000000000000000000000000000000000000000900000000000000000000000000000
000000000000000000000000000000000000004000000000000000000000000000000000000000000
000000000000000000003000000000000000000000000000000000000000000000000000000000000
000000000000000000000000000000000000300000000000000000000000000000000000000000000
000000000000000000000000000000000000000000000030000000000000000000000000000000000
000000000000000000000000000000000000000000000000000000000000000000000000060000000
000000000000000002000000000000000000000000000000000000000000000000000000000000000
000000000000000000000000000000000003000000000000000000000000000000000000000000000
000000000000000000000000000000100000000000000000000000000000000000000000000000000
000000600000000000000000000000000000000000000000000000000000000000000000000000000
000000000001000000000000000000000000000000000000000000000000000000000000000000000
000000000000000000000000000000000000500000000000000000000000000000000000000000000
000000000000000000000000000000000000080000000000000000000000000000000000000000000
000000000000000000000000000000000000000000000000000000000000000800000000000000000
000000000000000000000000000000000000000000007000000000000000000000000000000000000
000000000000000000000000000000000000000000000000000700000000000000000000000000000
000020000000000000000000000000000000000000000000000000000000000000000000000000000
000000000000000000000000020000000000000000000000000000000000000000000000000000000
000000000000000000000000000000000090000000000000000000000000000000000000000000000
000000000000000000000000000000000000000000000000000080000000000000000000000000000
000000000000000000000000000000000000000000000000000000000000000000000000000000002
000000000000000000000000000000000000000000000000000000000000000006000000000000000
000000000000000000500000000000000000000000000000000000000000000000000000000000000
000000000000000000000000000000000000090000000000000000000000000000000000000000000
000000000000000000000000000000000000000000000000000000000000001000000000000000000
000000000000000000000000000000000000000000000000000000000000000000000000090000000
000000000000000000000000000000030000000000000000000000000000000000000000000000000
000000000000000000000000000000000000000000000000000000000000000090000000000000000
000000000000000000000000000000000000000000000000000000000000000000000000010000000
000000000000000004000000000000000000000000000000000000000000000000000000000000000
000000700000000000000000000000000000000000000000000000000000000000000000000000000
000000000000000000000000000000000000000000000000000000000000000000000000000001000
000000000000000000000000000000000000000000400000000000000000000000000000000000000
000000900000000000000000000000000000000000000000000000000000000000000000000000000
000000000000000000000000000000000000000000000000000000000000000000000900000000000
000000000000000000000000000000000000000000000000000000060000000000000000000000000
000000000000000000000000000000000000009000000000000000000000000000000000000000000
000000000000000000000000000000000000000000000000000000000900000000000000000000000
000000000000000000000000000000000000000000000000000000000000000000000060000000000
000001000000000000000000000000000000000000000000000000000000000000000000000000000
000000000000000000000000000000000000000000000000000006000000000000000000000000000
000000000000000000000000000060000000000000000000000000000000000000000000000000000
000000000000400000000000000000000000000000000000000000000000000000000000000000000
000000000000000000000000000000010000000000000000000000000000000000000000000000000
003000000000000000000000000000000000000000000000000000000000000000000000000000000
000000000000000000000000000800000000000000000000000000000000000000000000000000000
020000000000000000000000000000000000000000000000000000000000000000000000000000000
000000000000000000000000000000000000000000000000000000000000000000020000000000000
000000000000000000000000000000000000000000000000000040000000000000000000000000000
000000000000900000000000000000000000000000000000000000000000000000000000000000000
000000000000000000000000000000000000000000000000000000000000600000000000000000000
000000000000000000000000000000000000000000000000000000000000000000000000000000007
000000000000000001000000000000000000000000000000000000000000000000000000000000000
000000000000000000001000000000000000000000000000000000000000000000000000000000000
000000000000000000000000000006000000000000000000000000000000000000000000000000000
000000000000000000000000000000000000000000000000000000000000200000000000000000000
000600000000000000000000000000000000000000000000000000000000000000000000000000000
000000000000080000000000000000000000000000000000000000000000000000000000000000000
000000000000000000000000000000000000000000000000000000000000000000000000600000000
000000000000000000000000000000000000000060000000000000000000000000000000000000000
000000000000000000000000000000000000000000000000000000000000000000006000000000000
000000005000000000000000000000000000000000000000000000000000000000000000000000000
000000000000000000000000000000000000000000000000000000000000000000000000000000300
000000000000000000000000000020000000000000000000000000000000000000000000000000000
000000000000000000000000000000000000000000000000000000000000000000007000000000000
000000000000000000000000000000000000000000000000000000000000000000000020000000000
000000000000000000000000000000000000000000000000000000000000000000000000060000000
000000000000000000000000000080000000000000000000000000000000000000000000000000000
000000000000000003000000000000000000000000000000000000000000000000000000000000000
000000000000000000000000000000090000000000000000000000000000000000000000000000000
000000000000000000000000000008000000000000000000000000000000000000000000000000000
000000000600000000000000000000000000000000000000000000000000000000000000000000000
